0: 451,221,382
1: 106,102,376,45,350,294,327,35
2: 
3: 436,180,265,447,355,131
4: 265,355,464,362,306,212
5: 302,280,446
6: 137,120,82,49,282,21
7: 378,327,318,285,233,368
8: 313,440,169,381,244,177
9: 
10: 472,380,56,17,134
11: 203,388
12: 54,390,457
13: 
14: 
15: 435,250,378,207,86,396,233
16: 323,232
17: 10,281,380,134,329
18: 96,259,458
19: 
20: 98,356
21: 42,82,6
22: 472,380
23: 280,377,278
24: 
25: 360,463,189
26: 69,362,212
27: 119,349,230
28: 245,241,249,79
29: 393,219,149
30: 
31: 
32: 119,277,151,269
33: 69,306,208
34: 301,91,144,55,190
35: 350,294,327,106,1,195
36: 
37: 60,76
38: 148,54,172
39: 284,348,199,195,62,272,88
40: 432
41: 471,394
42: 286,205,82,21
43: 298,303,424,390,385,105
44: 339,393,219,421,130,341
45: 106,68,465,1,100,102,376
46: 143,229,73,246
47: 154,84
48: 
49: 312,137,6,282
50: 
51: 267,395,293,182
52: 471,398,359
53: 473,121,354,267,414,293
54: 38,12,172,390
55: 64,242,144,34,301,190
56: 10,472,187,134,342,165
57: 473,263,145
58: 112,474,376,118
59: 
60: 37,76
61: 136,266,196
62: 272,88,467,39,199
63: 
64: 55,411,242,190
65: 
66: 379,214,197,97,80
67: 99,218,260,310,369
68: 106,100,45,199,195,467
69: 33,362,306,26
70: 338
71: 116,416,311
72: 
73: 229,46,136
74: 409,275
75: 
76: 60,37
77: 113,343,122,84,364
78: 254
79: 287,411,242,28,249
80: 197,66,214,387,392,202
81: 315,286,205
82: 120,286,42,6,21
83: 458,307,417,333,107,448
84: 154,77,364,47
85: 
86: 250,15,332,438,160,396
87: 
88: 62,272,39,199
89: 246
90: 258,184,161
91: 144,241,34
92: 227,461,165
93: 148,470,246
94: 432,135,159
95: 193,211,197,97
96: 18,259,458,126,441,417
97: 211,197,95,379,66,224
98: 20,356
99: 67,310
100: 68,465,112,45,410,188,467
101: 439
102: 474,1,376,45,368,350,327
103: 164
104: 304,418,295
105: 43,152,424,416,385
106: 68,1,45,199,195,350,294,35
107: 353,333,226,83,352,441,417
108: 
109: 212,262,464
110: 240,333,448
111: 322,198
112: 465,100,376,410,58
113: 198,437,77,343,122,364,322
114: 
115: 308
116: 298,424,416,468,71,311
117: 231,429
118: 474,58
119: 27,32,151,349
120: 315,137,286,361,82,6
121: 473,53,273,145,414,293,389
122: 113,437,446,77,343,141
123: 
124: 
125: 
126: 96,259,352,441,417
127: 445
128: 337
129: 306,208,264,183,436,174,355
130: 44,421,341
131: 262,3,265,464
132: 
133: 
134: 10,281,56,17,329,342
135: 431,94,159,453
136: 196,61,73
137: 120,361,6,312,49,282
138: 443,386,260,407,415,369
139: 
140: 
141: 302,235,437,446,122
142: 439,340,279
143: 229,470,46,246,324,468,375
144: 91,241,249,55,242,34
145: 473,273,121,57,257
146: 
147: 
148: 38,172,324,93,470
149: 29
150: 
151: 119,392,202,32,349,269
152: 416,105
153: 
154: 377,84,47
155: 358,334
156: 284,344,289,328
157: 215,274,407,415,374,363
158: 
159: 453,383,135,94
160: 250,332,438,86,328,167,179
161: 90,184
162: 449
163: 
164: 103
165: 342,461,92,227,56,187
166: 
167: 160,328,289
168: 
169: 313,8,365
170: 
171: 255,299,271,412
172: 324,303,390,148,54,38
173: 353,226
174: 183,436,180,355,129,264
175: 
176: 314,323
177: 244,381,8
178: 
179: 456,332,160,396
180: 3,183,436,174
181: 
182: 395,51
183: 180,174,129,264,248
184: 90,161,186
185: 
186: 184,454
187: 472,56,227,165
188: 467,100
189: 25,463
190: 55,64,34,301
191: 339,421
192: 325,271,412
193: 433,197,95,202,269
194: 
195: 106,68,199,294,348,35,39
196: 136,61,311
197: 193,95,97,80,66,202
198: 113,437,235,111,322
199: 106,68,195,39,62,88,467
200: 
201: 453,383,462
202: 392,151,349,269,193,197,80
203: 11,373,388
204: 
205: 81,286,42
206: 
207: 15,396,233
208: 397,33,306,129,264
209: 
210: 
211: 95,97,224
212: 262,109,26,362,4,464
213: 
214: 379,66,387,80
215: 374,157
216: 
217: 
218: 67,260,274,407,369
219: 44,339,346,393,29
220: 
221: 0
222: 448,307
223: 
224: 379,211,97
225: 
226: 353,173,107,352,441
227: 92,187,165
228: 462,431,453,351
229: 143,73,46,468,375
230: 475,387,392,27,349
231: 117
232: 323,16
233: 285,378,15,7,207
234: 
235: 302,141,198,437
236: 
237: 
238: 
239: 
240: 353,110,333
241: 427,91,28,144,249
242: 55,411,79,64,144,249
243: 
244: 177,297,381,8
245: 28
246: 143,470,46,93,89
247: 
248: 397,264,183
249: 28,144,241,79,242
250: 435,253,350,378,15,438,160,294,86,328
251: 
252: 322,364
253: 435,250,438,294,348,328,344
254: 78
255: 299,171,271
256: 
257: 273,145
258: 90
259: 18,96,126
260: 407,415,67,218,138,369
261: 384,394
262: 212,109,131,464
263: 473,57,354,345
264: 397,129,208,248,183,174
265: 3,436,4,355,464,131
266: 61
267: 293,51,321,53,354
268: 313,440
269: 202,32,151,193,433
270: 
271: 255,171,412,325,192
272: 62,88,284,39
273: 121,145,389,257
274: 407,157,363,218
275: 74,409,300
276: 
277: 32
278: 343,377,23,280
279: 439,142
280: 316,23,5,446,278
281: 17,134,329
282: 137,6,49
283: 321,345
284: 156,344,39,348,272
285: 318,233,7
286: 315,120,81,42,205,82
287: 79
288: 
289: 156,344,167,328
290: 
291: 
292: 
293: 267,414,395,51,53,121
294: 435,250,253,350,348,35,106,1,195
295: 104
296: 
297: 244
298: 43,324,303,116,424,468,375
299: 255,171
300: 409,275
301: 34,55,190
302: 235,5,141,446
303: 172,43,298,324,390,375
304: 418,104
305: 
306: 69,33,362,129,208,4,355
307: 458,83,448,222
308: 440,381,115
309: 
310: 434,369,67,99
311: 116,468,71,196
312: 49,137,361
313: 440,268,169,8
314: 367,176
315: 120,81,286,361
316: 280
317: 
318: 285,7,368
319: 
320: 
321: 267,283,354,345
322: 111,252,198,113,364
323: 176,16,232,371
324: 172,298,303,390,375,148,143,470
325: 192,271
326: 
327: 435,350,378,7,35,1,102,368
328: 250,253,438,160,167,156,344,289
329: 281,17,134,429
330: 408
331: 359,384
332: 160,86,396,179
333: 240,353,110,107,448,83
334: 155
335: 
336: 475
337: 128
338: 70
339: 44,346,219,191,421
340: 142
341: 44,393,130
342: 461,165,56,134
343: 113,446,77,122,278
344: 284,156,289,253,348,328
345: 263,354,321,283
346: 339,219,449
347: 
348: 253,294,284,344,39,195
349: 119,392,202,27,151,230
350: 435,250,378,294,327,35,106,1,102
351: 431,228
352: 126,441,107,226
353: 240,173,333,107,226
354: 473,53,263,345,321,267
355: 3,436,265,4,174,306,129
356: 98,20
357: 
358: 155
359: 331,398,471,52
360: 25
361: 315,137,120,312
362: 69,306,26,212,4
363: 274,374,157
364: 113,77,84,252,322
365: 169
366: 
367: 314
368: 474,102,318,7,327
369: 310,434,260,67,218,138,443
370: 
371: 323
372: 
373: 203
374: 215,157,363
375: 298,324,303,468,143,229,470
376: 465,112,474,1,102,45,58
377: 154,278,23
378: 435,250,350,15,7,327,233
379: 66,214,224,97
380: 22,10,472,17
381: 308,440,8,244,177
382: 451,0
383: 201,159,453
384: 261,331
385: 43,390,105,457
386: 138,443,415
387: 230,214,80,392
388: 11,203
389: 414,445,273,121
390: 172,43,324,303,385,457,54,12
391: 
392: 202,151,349,230,387,80
393: 44,219,29,341
394: 471,41,261
395: 414,293,51,182,445
396: 15,332,207,86,179
397: 208,264,248
398: 452,359,52
399: 
407: 260,274,415,157,218,138
408: 330
409: 74,300,275
410: 112,100
411: 79,64,242
412: 171,271,192
413: 
414: 395,293,445,389,53,121
415: 260,407,157,138,386
416: 152,116,424,105,71
417: 96,458,83,126,441,107
418: 304,104
419: 
420: 
421: 44,339,191,130
422: 
423: 
424: 43,298,116,416,105
425: 
426: 
427: 241
428: 
429: 329,117
430: 
431: 432,135,453,351,228
432: 40,431,94
433: 193,269
434: 310,369,443
435: 250,253,350,378,15,294,327
436: 3,180,265,174,355,129
437: 198,113,122,235,141
438: 250,253,160,86,328
439: 101,142,279
440: 308,313,268,381,8
441: 96,126,352,417,107,226
442: 
443: 138,386,434,369
444: 
445: 414,395,389,127
446: 343,122,280,302,5,141
447: 3
448: 110,333,222,307,83
449: 162,346
450: 475
451: 0,382
452: 398
453: 201,159,383,431,135,228,462
454: 186
455: 
456: 179
457: 390,385,12
458: 18,96,307,83,417
459: 
460: 
461: 342,165,92
462: 228,201,453
463: 25,189
464: 265,4,212,262,109,131
465: 112,100,376,45
466: 
467: 62,188,68,100,199
468: 298,116,375,143,229,311
469: 
470: 143,246,148,324,375,93
471: 394,52,41,359
472: 22,10,380,56,187
473: 53,263,121,57,145,354
474: 102,376,58,368,118
475: 450,230,336