0: 221,382
1: 58,112,327,102,45
2: 137
3: 4,26,355,109,262,369,131
4: 265,26,3,218,369
5: 
6: 286,42,120,282
7: 318,350,378,207
8: 313,244,169
9: 264,464,379,69,306
10: 17
11: 203,373
12: 38
13: 
14: 
15: 160,396
16: 367
17: 10,472
18: 353,352,259
19: 
20: 98,356
21: 205,282
22: 472
23: 
24: 
25: 360
26: 265,4,3,464,355,131
27: 
28: 427,245
29: 44,191,101,393
30: 
31: 172,93,46
32: 97,392,230,119,269
33: 95,264,355,129,208,397
34: 241
35: 253,350,328,294,327,348,368
36: 
37: 
38: 12
39: 284,156,199,253,328,344
40: 432
41: 471,394
42: 6,49,120,282,312
43: 470,324,303,105
44: 191,219,421,29,130
45: 58,195,327,1,376,348
46: 93
47: 364,84,278
48: 
49: 315,137,120,42,312
50: 
51: 182,354,345,57,145
52: 359
53: 283,57,125,273
54: 246
55: 91,411,64
56: 
57: 145,53,255,273,51,345
58: 465,1,100,376,45
59: 
60: 
61: 311,266,196,136
62: 284,88,199,68
63: 284,156,438,396,167
64: 411,190,55
65: 
66: 
67: 
68: 272,106,62,199
69: 306,9
70: 338
71: 416,298,116,311
72: 
73: 136
74: 409,275
75: 
76: 364,252
77: 446,141,316,278,364,252
78: 254
79: 411,144,190,249
80: 202,97,224,387,214
81: 
82: 
83: 417,226
84: 235,316,278,47
85: 
86: 250,378,328,294,167,156
87: 
88: 62
89: 457,246
90: 374,215,258
91: 427,55,241
92: 227
93: 143,229,172,46
94: 462,201
95: 97,33,264,224,392,397
96: 126
97: 95,224,392,80,387,32
98: 20,356
99: 
100: 58,376,188
101: 191,142,29,393
102: 327,1,368,474
103: 
104: 304,295
105: 390,43,303
106: 68,410,199,195,344
107: 448,110,352
108: 
109: 212,434,262,369,3,131
110: 448,222,226,107
111: 
112: 465,1
113: 322,343
114: 
115: 440
116: 424,71,298,375
117: 187,165,125,342
118: 
119: 129,211,269,397,392,32
120: 315,49,286,6,42
121: 257
122: 446,235,302,316,198
123: 
124: 
125: 53,255,342,117
126: 441,307,96,458
127: 
128: 363,454,161
129: 436,174,211,119,208,397,33
130: 44,421,339
131: 436,208,26,3,355,109,262
132: 
133: 
134: 380,231
135: 431
136: 196,61,73
137: 2,315,361,49
138: 363,415,454,260,407
139: 240
140: 
141: 446,198,77
142: 191,219,101
143: 229,93,468,148,324,172
144: 287,79
145: 57,293,273,51,182,389
146: 
147: 
148: 143,324,303,457,172
149: 
150: 
151: 349
152: 416,424
153: 470
154: 377
155: 358
156: 284,63,39,328,86,167
157: 434,274,369,260,407,218
158: 
159: 351,383
160: 206,15,289,438
161: 454,128
162: 346,449
163: 
164: 
165: 117,231
166: 
167: 250,378,328,86,156,63,396
168: 
169: 8,365
170: 
171: 321,192,354,345
172: 143,93,148,31
173: 417,333
174: 129,183,436,180,211,208
175: 
176: 323,371
177: 308,313,244
178: 
179: 456,332,435
180: 436,174,447,212,262
181: 
182: 51,445,354,389,145
183: 174,447,211
184: 
185: 
186: 310,363,407
187: 117,231,271
188: 320,100,467
189: 463
190: 411,79,64
191: 44,142,219,101,421,29
192: 171,345,271,255
193: 
194: 
195: 376,45,348,344,410,106
196: 61,136,298,375
197: 202
198: 446,302,122,141
199: 284,62,39,344,68,106
200: 
201: 462,228,94
202: 224,379,80,197
203: 11,221
204: 
205: 21
206: 160,289
207: 250,378,7,435
208: 129,436,131,174,397,33,355,262
209: 
210: 
211: 129,183,174,119,269
212: 109,434,262,274,180
213: 
214: 387,80
215: 90
216: 274,260,386
217: 
218: 4,157,369
219: 44,191,142,421
220: 
221: 0,203
222: 448,110,441,307
223: 
224: 202,97,95,264,379,80
225: 
226: 110,83
227: 92
228: 462,351,201
229: 143,93,468
230: 387,32
231: 380,187,134,165
232: 
233: 285,318
234: 
235: 446,122,316,84
236: 
237: 
238: 
239: 
240: 333,139
241: 427,91,34
242: 287,249
243: 
244: 313,8,308,381,177
245: 28,249
246: 54,89
247: 
248: 
249: 242,411,79,245
250: 378,86,167,207,435,396
251: 
252: 76,364,77,278,343
253: 35,328,294,39,327,348,344
254: 78
255: 57,125,192,345,271
256: 
257: 121
258: 90
259: 352,18
260: 216,274,157,407,386,138
261: 384,471,394
262: 212,109,3,436,180,131,208
263: 
264: 33,9,95,464,224,379,355
265: 362,4,26,306
266: 311,61
267: 
268: 440
269: 211,119,32
270: 
271: 187,192,255
272: 68
273: 57,145,53,293
274: 216,212,434,157,260,407,386
275: 74,300
276: 
277: 
278: 316,77,84,47,364,252
279: 
280: 
281: 429
282: 21,6,42,312
283: 53
284: 156,62,63,39,199
285: 233
286: 6,120
287: 242,144
288: 
289: 438,206,160
290: 
291: 
292: 
293: 145,273,389,473
294: 253,350,378,35,328,86
295: 418,104
296: 
297: 
298: 71,116,375,311,196
299: 
300: 409,275
301: 391
302: 122,198
303: 148,43,324,390,105,457
304: 104
305: 
306: 265,362,69,9,464
307: 222,126,441
308: 381,177,244
309: 
310: 186
311: 266,61,71,298
312: 42,49,282
313: 8,244,177
314: 
315: 361,137,49,120
316: 446,235,122,77,84,278
317: 
318: 350,7,474,233,368
319: 
320: 188
321: 171,445,354
322: 113
323: 176,371
324: 143,470,468,148,43,303
325: 
326: 
327: 1,102,45,348,368,253,35
328: 253,35,86,294,167,156,39,344
329: 
330: 408
331: 384
332: 179,435
333: 240,417,173
334: 
335: 
336: 475
337: 
338: 70
339: 421,130
340: 
341: 
342: 125,117
343: 113,252,437
344: 195,348,253,328,39,199,106
345: 51,354,171,192,57,255
346: 162
347: 
348: 195,327,45,344,253,35
349: 151
350: 318,378,35,7,294,474,368
351: 228,159
352: 448,353,107,259,18
353: 448,352,441,18,458
354: 51,182,445,345,171,321
355: 33,264,464,26,3,131,208
356: 98,20
357: 
358: 155
359: 52,398
360: 25
361: 315,137
362: 265,306
363: 454,128,138,186
364: 76,47,252,77,278
365: 381,169
366: 
367: 16
368: 327,102,318,350,35,474
369: 109,434,157,4,3,218
370: 
371: 323,176
372: 
373: 388,451,11
374: 90
375: 116,298,196
376: 58,195,100,45,410
377: 154
378: 250,350,7,86,294,167,207
379: 202,9,264,224
380: 134,231
381: 308,244,365
382: 0
383: 159,453
384: 261,331
385: 
386: 216,274,260,415
387: 230,214,97,80
388: 451,373
389: 182,145,293
390: 105,457,303
391: 301
392: 97,95,119,397,32
393: 101,29
394: 41,261
395: 
396: 63,438,15,250,167
397: 129,119,208,33,95,392
398: 359
399: 
407: 274,157,260,186,138
408: 330
409: 74,300
410: 467,106,195,376
411: 79,190,64,249,55
412: 
413: 
414: 
415: 454,138,386
416: 71,152,424
417: 83,173,333
418: 295
419: 
420: 
421: 44,191,219,130,339
422: 
423: 
424: 116,416,152
425: 
426: 
427: 91,28,241
428: 
429: 281
430: 
431: 432,135
432: 40,431
433: 
434: 212,109,274,157,369
435: 179,332,250,207
436: 129,180,131,174,208,262
437: 343
438: 289,63,396,160
439: 
440: 268,115
441: 448,222,353,126,307,458
442: 
443: 
444: 
445: 182,354,321
446: 235,122,141,316,198,77
447: 183,180
448: 222,110,353,107,352,441
449: 162
450: 475
451: 388,373
452: 
453: 383
454: 363,415,161,128,138
455: 
456: 179
457: 89,390,148,303
458: 353,126,441
459: 
460: 
461: 
462: 228,94,201
463: 189
464: 9,264,355,26,306
465: 58,112
466: 
467: 410,188
468: 143,229,470,324
469: 
470: 153,468,43,324
471: 41,261
472: 22,17
473: 293
474: 318,350,102,368
475: 450,336