0: 1,31,33,2,32,34
1: 0,31,32,36,3,35
2: 4,37,38,34,0,33
3: 5,35,39,1,36
4: 2,37,42,6,41,38
5: 3,39,44,7,43
6: 8,45,41,46,42,4
7: 47,43,9,5,44,48
8: 6,45,50,10,49,943,46
9: 7,47,48,52,11,51
10: 12,49,53,943,8
11: 51,55,9,52,56,13
12: 10,53,943,58,14,57,54
13: 15,59,56,11,55,60
14: 16,57,61,58,62,12
15: 13,59,63,60,64,17
16: 14,61,66,18,906,62
17: 19,67,64,15,63,68
18: 906,20,66,70,16
19: 17,67,71,68,72,75
20: 22,73,74,18,69
916: 809,773,769,805,843
22: 73,20,944,74,78
23: 25,79,76,935,141,80
24: 81,930,82,944
25: 79,83,23,84,80,27
26: 930,28,82,148
27: 29,87,84,25,83,88
28: 30,89,26,85,930
29: 87,91,27,88,92
30: 28,89,93,94
31: 0,1,33,95,97,35
32: 34,96,98,0,1,36
33: 0,31,2,37,99,95
34: 32,96,38,100,2,0
35: 3,39,1,31,97,101
36: 102,32,98,1,3
37: 2,4,41,99,103,33
38: 104,100,42,2,4,34
39: 3,5,35,101,105,43
40: 
41: 6,45,107,4,37,103
42: 46,108,6,38,104,4
43: 7,47,5,39,105,109
44: 48,110,106,5,7
45: 6,8,41,49,107,111
46: 108,112,42,50,6,8
47: 7,43,9,109,113,51
48: 44,110,900,7,9,52
49: 10,53,115,8,45,111
50: 54,116,943,46,112,8
51: 11,55,47,9,113,117
52: 56,48,900,9,11
53: 10,12,49,57,115,119
54: 50,116,120,58,12,943
55: 11,51,117,13,59,121
56: 52,11,60,118,13
57: 14,61,123,12,53,119
58: 62,124,14,54,120,12
59: 13,15,63,55,121,125
60: 64,118,126,56,13,15
61: 14,16,57,906,123,939
62: 58,124,128,66,14,16
63: 15,59,125,942,17,67
64: 60,126,15,68,130,17
65: 131,127,906,69,939
66: 70,132,18,62,128,16
67: 17,19,71,63,129,133
68: 72,130,134,64,17,19
69: 906,73,20,135,131,65
70: 66,132,74,136,18
71: 19,67,133,141,75,137
72: 68,134,19,138,75
73: 22,20,139,135,69
74: 78,136,22,20,70
75: 935,141,72,19,71
76: 911,935,80,23
933: 856,903,860
78: 74,140,82,144,22,944
79: 25,83,23,894,145
80: 84,146,76,25,23
81: 24,85,930,143,147
82: 148,144,24,26,930,78,944
83: 25,79,145,87,27,149
84: 146,150,80,25,88,27
85: 81,930,28,89,151,147
923: 628,674,670,918,624
87: 29,91,27,83,153,149
88: 92,154,84,150,29,27
89: 28,30,151,155,85
940: 706,750,656,702
91: 29,87,153
92: 88,154,29
93: 907,30
94: 30
95: 97,157,159,99,31,33
96: 32,34,98,100,158,160
97: 95,157,31,35,101,161
98: 32,96,158,162,36,102
99: 103,163,37,33,95,159
100: 38,104,164,160,34,96
101: 105,161,165,97,35,39
102: 36,106,98,162,166
103: 99,163,41,107,167,37
104: 38,100,168,108,42,164
105: 101,165,39,43,109,169
106: 102,166,170,44,110
107: 111,171,167,45,41,103
108: 46,112,42,172,168,104
109: 921,169,113,105,47,43
110: 44,48,900,106,170,174
111: 107,171,49,115,175,45
112: 46,108,176,50,116,172
113: 109,921,47,51,117,173
934: 267,327,263,323,205
115: 119,175,179,49,53,111
116: 50,54,120,176,180,112
117: 177,113,51,55,121
118: 60,126,182,56,186
119: 115,179,57,123,183,53
120: 54,116,184,58,124,180
121: 125,181,55,117,59
913: 351,411,355,293
123: 939,183,127,57,61,119
124: 58,62,128,184,188,120
125: 121,185,914,181,942,59,63
126: 60,64,118,186,190,130
127: 131,191,65,123,939,187
128: 62,124,192,66,132,188
129: 133,193,914,942,67
130: 68,134,190,64,126,194
131: 195,191,65,127,135,69
132: 66,70,136,192,196,128
133: 129,193,197,67,71,137
134: 68,72,130,194,198,138
135: 139,73,69,131,195
136: 74,140,200,196,70,132
137: 201,71,133,197,141
138: 911,198,72,134,202
139: 203,135,143,73
140: 78,136,144,200,204
141: 935,75,71,137,23
142: 911,202,206,146
143: 147,207,81,139,203
144: 82,148,208,204,78,140
145: 205,209,894,79,83,149
146: 84,150,80,142,210
147: 143,207,211,151,81,85
148: 82,144,152,212,208,26
149: 153,213,83,145,209,87
150: 84,146,210,214,88,154
151: 155,215,89,85,147,211
152: 216,212,148
153: 213,149,87,91
154: 88,92,150,214,899
155: 151,215,907,89
930: 24,26,81,85,28,82
157: 95,97,159,217,219,161
158: 160,218,220,96,98,162
159: 95,157,99,163,221,217
160: 158,218,164,222,100,96
161: 101,165,97,157,219,223
162: 166,224,158,220,98,102
163: 99,103,167,221,225,159
164: 222,226,168,104,100,160
165: 101,105,161,223,227,169
166: 162,224,228,102,106,170
167: 107,171,229,103,163,225
168: 172,230,108,164,226,104
169: 109,921,105,165,227,231
170: 174,232,166,228,106,110
171: 107,111,167,175,229,233
172: 230,234,168,176,108,112
173: 177,921,113,235
174: 170,232,236,110,900,178
175: 115,179,237,111,171,233
176: 180,238,116,172,234,112
177: 117,173,239,181
178: 182,240,174,236,900
179: 115,119,175,183,237,241
180: 176,238,242,184,116,120
181: 121,125,185,177,243
182: 178,240,186,244,118
183: 123,187,119,179,241
184: 188,246,124,180,242,120
185: 125,914,181,243,247,189
186: 190,244,248,182,118,126
187: 183,127,245,249
188: 184,246,250,192,124,128
189: 251,255,185,914,247,193
190: 186,248,126,194,252,130
191: 131,195,127,253,249
192: 196,254,132,188,250,128
193: 129,133,197,914,255,189
194: 198,252,256,190,130,134
195: 131,191,135,321
196: 192,254,200,258,136,132
197: 133,193,255,137,201,259
198: 194,256,134,202,260,138
199: 
200: 204,262,258,140,136,196
201: 137,894,263,197,259
202: 264,260,198,911,142,138
203: 139,143,207,265,261
204: 200,262,266,208,144,140
205: 145,209,894,263,267,934
206: 210,268,893,264,142
207: 143,147,211,265,269,203
208: 212,897,148,144,204
209: 145,205,267,213,149,271
210: 268,206,146,150,214
211: 147,207,151,215,273
212: 897,208,216,270,152,148
213: 153,149,209,275,271
214: 272,899,210,150,154
215: 151,155,277,273,926,211
216: 274,270,152,212
217: 219,279,281,221,157,159
218: 158,160,220,280,222
219: 217,279,157,161,223,283
220: 158,218,280,162,224,284
221: 225,285,163,159,217,281
222: 164,286,226,160,218
223: 227,283,287,219,161,165
224: 162,166,228,284,288,220
225: 221,285,167,229,289,163
226: 164,286,222,230,168,290
227: 223,287,165,169,231,291
228: 166,224,288,170,232,292
229: 233,293,289,171,167,225
230: 172,234,294,168,290,226
231: 295,291,235,227,921,169
232: 170,174,236,292,296,228
233: 229,293,175,237,297,171
234: 172,230,294,176,238,298
235: 231,295,921,173,239,299
236: 174,232,296,178,240
237: 241,297,301,175,179,233
238: 176,180,242,298,302,234
239: 299,303,235,177,243
240: 178,182,236,304,244
241: 237,301,183,245,305,179
242: 180,238,302,184,246,306
243: 247,307,239,303,185,181
244: 186,248,304,182,240,308
245: 249,305,309,187,241
246: 184,188,250,306,310,242
247: 243,307,311,185,189
248: 186,190,244,308,312,252
249: 245,309,191,313,187
250: 188,246,314,192,254,310
251: 255,315,319,189,311
252: 194,256,312,190,248,316
253: 191
254: 192,196,258,318,314,250
255: 251,319,189,193,197,259
256: 194,198,252,316,320,260
938: 643,693,587,647,927
258: 200,262,322,318,196,254
259: 323,197,255,319,201,263
260: 202,264,320,198,256,324
261: 321,325,383,265,203
262: 200,204,258,266,890,322
263: 894,201,259,323,205,934
264: 202,260,324,893,206
265: 329,207,203,261,325
266: 897,326,890,204,262
267: 327,331,934,205,209,271
268: 210,893,206,332,272
269: 207
270: 216,274,334,212,909,897
271: 275,335,209,267,331,213
272: 276,214,268,336
273: 926,901,215,211
274: 216,270,278,334
275: 335,271,213
276: 272,899
277: 215,926
278: 274
279: 217,219,281,339,341,283
280: 218,220,340,342,284
281: 217,279,221,285,343,339
918: 670,672,923,622,624
283: 223,287,219,279,341,345
284: 224,288,342,220,280,346
285: 221,225,289,343,347,281
286: 222,226,290,344,348
287: 223,227,283,345,349,291
288: 224,228,284,346,350,292
289: 229,293,351,225,285,347
290: 230,294,352,348,286,226
291: 231,295,227,287,349,353
292: 232,296,350,228,288,354
293: 229,233,289,297,913
294: 230,234,290,298,352,356
295: 231,291,235,353,357,299
296: 232,236,292,354,358
297: 237,301,359,355,233,293
298: 238,302,360,356,234,294
299: 239,303,295,235,357,361
924: 922,503,449,507
301: 237,241,297,305,359
302: 238,242,298,306,360,364
303: 239,299,361,243,307,365
304: 362,240,308,366,244
305: 245,309,367,241,301,359,363
306: 246,368,310,364,242,302
307: 243,247,311,303,365,369
308: 370,312,366,304,244,248
309: 245,249,305,313,371,367
310: 368,372,314,246,250,306
311: 247,307,369,251,315,373
312: 308,370,248,374,316,252
313: 317,375,371,249,309
314: 376,318,254,372,310,250
315: 251,319,311,373,929
316: 374,378,320,312,252,256
317: 313,321,383,379,375
318: 376,380,314,322,258,254
319: 251,255,315,259,323,896
320: 378,316,256,382,324,260
321: 261,383,195,317
322: 384,890,262,258,380,318
323: 259,385,896,319,263,934
324: 382,386,320,264,260
325: 261,383,265,329,387,912
326: 388,330,266,909,890
327: 267,331,934,385,389
937: 582,638,684,688,642,586
329: 265,901,387,391,325
330: 392,326,452,396,909
331: 267,327,389,393,335,271
332: 390,394,268,893,336
936: 887
334: 396,338,274,270,909
335: 275,271,331,393
336: 394,332,272
337: 926,901,920
338: 396,334
339: 341,397,399,343,279,281
340: 342,398,400,344,280
341: 339,397,279,283,345,401
342: 340,398,280,346,402,284
343: 347,403,285,281,339,399
344: 348,404,286,340,400
345: 349,401,405,341,283,287
346: 350,402,406,342,284,288
347: 343,403,289,351,407,285
348: 344,404,352,408,290,286
349: 345,405,287,291,353,409
350: 346,406,288,354,410,292
351: 407,411,913,289,347
352: 356,412,408,294,290,348
353: 357,409,413,349,295,291
354: 414,410,350,292,296,358
355: 359,415,297,913
356: 352,412,360,416,298,294
357: 353,413,295,299,361,417
358: 362,418,354,414,296
359: 363,419,355,305,297,301
360: 364,416,420,298,302,356
361: 417,421,357,299,303,365
362: 418,422,358,304,366
363: 359,419,305,367,423
364: 360,420,368,424,306,302
365: 369,425,303,361,421,307
366: 308,370,426,362,422,304
367: 427,423,371,305,309,363
368: 372,424,428,310,306,364
369: 365,425,429,307,311,373
370: 308,426,312,366,484,374
371: 375,431,313,309,367,427
372: 368,428,310,376,432,314
373: 433,311,369,429,315
374: 378,434,316,430,484,370,312
375: 435,431,371,379,317,313
376: 432,380,318,314,372
377: 433,929,491,437,495
378: 374,434,438,316,320,382
379: 912,439,383,317,375,435
380: 376,436,318,384,440,322
381: 437,441,385,896,445
382: 386,442,324,378,438,320
383: 261,321,325,912,379,317
384: 440,890,322,388,444,380
385: 323,896,381,327,389,445
386: 382,442,324,390,446
387: 391,447,329,325,912,443
388: 392,326,444,384,890
389: 393,449,445,385,327,331
390: 394,332,446,386,893
391: 387,447,451,901,920,329
392: 388,330,452,502,506
393: 389,449,331,335,507
394: 390,332,336
395: 920,509,451
396: 338,334,330,452
397: 339,341,399,453,455,401
398: 340,342,400,454,456,402
399: 339,397,343,403,457,453
400: 340,398,458,344,404,454
401: 345,405,341,397,455,459
402: 346,406,456,342,398,460
403: 343,347,407,457,399
404: 344,348,408,458,462,400
405: 345,349,401,459,463,409
406: 346,350,402,460,464,410
407: 351,411,465,347,403,461
408: 352,412,466,462,348,404
409: 353,413,349,405,463,467
410: 354,414,464,350,406,468
411: 351,407,913,415,465,469
412: 352,356,408,416,466,470
413: 353,357,409,467,471,417
414: 354,410,468,472,418,358
415: 419,355,473,411,469
416: 360,420,474,470,356,412
417: 361,421,357,413,471,475
418: 362,422,358,414,472
419: 359,363,415,423,473,477
420: 360,364,416,424,474,478
421: 361,417,475,365,425,479
422: 362,418,480,426,366
423: 367,427,481,363,419,477
424: 368,428,482,478,364,420
425: 365,369,429,421,479,483
426: 370,366,422,480,484,905
427: 367,423,431,371,485,481
428: 368,372,424,432,482,486
429: 369,425,483,373,433,487
430: 374,434,484
431: 375,435,371,485,427
432: 376,490,486,372,428
433: 373,377,429,487,491
434: 374,378,438,430,484,488,492
435: 375,431,439,379,493
436: 380
437: 381,441,377,929,896,495
438: 378,434,492,496,382,442
439: 912,443,379,497,493,435
440: 384,444,380
441: 381,437,495,445,503
442: 382,386,438,496,446
443: 912,439,387,447,501,497
444: 502,388,384,440
445: 389,449,385,381,441,503
446: 390,386,442,504
447: 387,391,451,501,505,443
914: 125,185,942,129,193,189
449: 389,393,445,924,503,507
915: 565,509,505,561,619
451: 391,447,395,920,509,505
452: 392,330,510,396,506
453: 455,511,513,457,397,399
454: 456,512,514,458,398,400
455: 453,511,397,401,459,515
456: 454,512,398,460,516,402
457: 517,403,399,453,513
458: 462,518,404,454,514,400
459: 463,515,519,455,401,405
460: 464,516,520,456,402,406
461: 407
462: 458,518,466,522,408,404
463: 459,519,405,409,467,523
464: 460,578,406,468,524,410
465: 469,525,521,407,411
466: 470,526,522,412,408,462
467: 471,523,527,463,409,413
468: 528,524,464,414,410,472
469: 465,525,415,473,529,411
470: 466,526,474,530,416,412
471: 467,527,413,417,475,531
472: 532,468,528,414,418
473: 477,529,533,415,419,469
474: 478,530,891,416,420,470
475: 531,535,471,417,421,479
476: 
477: 473,533,423,481,537,419
478: 474,891,482,538,424,420
479: 483,539,421,475,535,425
480: 540,905,536,422,426
481: 541,537,485,427,423,477
482: 486,538,542,424,428,478
483: 479,539,543,425,429,487
484: 905,370,426,488,374,434,430
485: 431,427,481,541
486: 482,542,490,546,432,428
487: 491,547,429,483,543,433
488: 492,544,484,905,434
939: 123,65,127,61
490: 546,432,486
491: 487,547,551,377,433,495
492: 488,552,434,438,496
493: 497,553,439,435,549
928: 574,630,626,578,634,932
495: 555,377,491,551,437,441
496: 556,492,552,438,442
497: 553,557,493,501,439,443
922: 924,563,503,559,617
919: 580,584,632,640,682,636
917: 879,847,809,813,851
501: 505,561,447,443,497,557
502: 506,562,392,444,558
503: 922,924,559,441,449,445
504: 508,564,560,446
505: 501,561,915,447,451
506: 502,562,566,510,392,452
507: 393,449,924
508: 504,564
509: 395,915,451
510: 506,566,452
511: 453,455,513,567,569,515
512: 454,456,514,570,516
513: 453,511,567,457,517,571
514: 454,512,572,458,518
515: 459,519,573,455,511,569
516: 460,570,456,512,574
517: 457,575,571,521,513
518: 458,462,522,572,576,514
519: 459,463,515,573,577,523
520: 460,578
521: 465,525,579,517,575
522: 466,526,580,576,462,518
523: 467,527,581,463,519,577
524: 468,528,464,578,582,932
525: 465,469,579,521,529,583
526: 466,470,522,530,580,584
527: 467,471,523,581,585,531
528: 468,524,582,586,532,472
529: 473,533,587,469,525,583
530: 474,891,588,584,470,526
531: 475,535,589,471,527,585
532: 536,472,528,590,586
533: 473,477,529,537,587,647
534: 588,644,596,592,538,891
535: 475,531,589,479,539,593
536: 532,590,594,480,540
537: 481,541,595,477,533,647
538: 482,542,596,534,478,891
539: 479,483,543,535,597,593
540: 480,905,536,594,598,544
541: 481,537,545,485,599,595
542: 482,486,538,546,596,600
543: 483,539,597,487,547,601
544: 488,598,540,905,602
545: 541
546: 490,604,600,486,542
547: 487,491,551,543,605,601
548: 
549: 553,493,607,603
926: 273,337,277,215
551: 491,547,605,495,555,609
552: 492,606,610,496,556
553: 497,557,493,611,607,549
554: 558,612,608
555: 495,551,613,609,559
556: 496,945,552,610
557: 497,553,501,561,615,611
558: 554,616,502,562,612
559: 922,503,555,613,617
560: 504,564,614,945,618
561: 501,505,619,915,615,557
562: 502,506,566,616,620,558
563: 922,617
564: 504,508,560,618
565: 915,619
566: 506,562,510,620
567: 511,513,569,571,621,623
568: 624
569: 511,567,621,515,573,625
570: 622,512,574,626,516
571: 517,575,627,513,567,623
572: 576,628,518,624,514
573: 515,519,577,569,625,629
574: 928,626,570,516,578
575: 517,571,579,521,631,627
576: 572,628,580,632,522,518
577: 519,573,629,523,581,633
578: 464,520,574,928,932,524
579: 525,521,635,631,583,575
580: 584,919,632,526,522,576
581: 523,527,585,577,633,637
582: 932,937,528,524,586
583: 635,529,587,525,579
584: 580,919,588,640,530,526
585: 527,581,637,531,589,641
586: 590,642,582,937,528,532
587: 643,938,647,529,533,583
588: 534,640,644,530,891,584
589: 531,535,585,641,645,593
590: 642,646,586,532,536,594
941: 615,619
592: 596,652,648,694,534,644
593: 649,597,535,589,645,539
594: 598,650,590,646,536,540
595: 651,927,599,541,537,647
596: 600,592,652,538,542,534
597: 649,653,593,539,543,601
598: 594,650,654,540,602,544
599: 655,603,541,651,595
600: 596,652,604,656,546,542
601: 657,605,543,653,597,547
602: 606,658,598,654,544
603: 655,659,599,607,549
604: 660,656,608,546,600
605: 657,661,601,547,551,609
606: 602,658,552,610,662
607: 898,611,553,549,659,603
608: 612,664,554,604,660
609: 665,613,551,661,605,555
610: 614,666,662,606,552,556,945
611: 667,898,607,615,553,557
612: 664,668,608,616,554,558
613: 665,609,555,559,617
614: 610,666,945,618,560
615: 941,561,619,557,667,611
616: 620,562,612,668,558
617: 613,922,563,559
618: 614,564,560
619: 561,565,915,941,615
620: 616,562,566
621: 623,669,671,567,569,625
622: 570,624,918,626
623: 621,669,571,627,567
624: 568,622,572,923,918
625: 629,675,569,621,671,573
626: 574,928,630,570,622
627: 677,631,575,571,623
628: 572,576,923,632,674
629: 625,675,679,573,577,633
630: 928,626,908,680,634
631: 635,681,579,575,627,677
632: 580,919,682,576,628
633: 637,683,577,629,679,581
634: 638,932,680,928,630,684
635: 681,685,631,583,579
636: 682,730,690,734,640,919
637: 633,683,902,581,585,641
638: 634,937,684
639: 643
640: 588,644,690,636,584,919
641: 645,691,585,637,902,589
642: 590,646,586,937,692,688
643: 639,938,587,689,685
644: 588,534,640,592,690,694
645: 641,691,589,649,695,593
646: 590,642,692,696,594,650
647: 938,587,537,927,595,533
648: 702,746,931,592,652,694
649: 653,695,597,593,645
650: 594,598,654,646,696,700
651: 701,927,697,595,655,599
652: 596,600,592,656,648,702
653: 649,597,657,703,601
654: 598,650,700,704,602,658
655: 659,705,603,599,701,651
656: 604,660,940,702,600,652
657: 661,703,707,605,601,653
658: 602,606,654,704,708,662
659: 655,705,603,898,709,607
660: 604,656,664,608,706
661: 657,707,605,665,711,609
662: 610,666,708,606,658,712
663: 667,898,709,757,713
664: 612,668,608,714,660
665: 711,613,609,661
666: 610,614,662,712
667: 663,898,611,615
668: 612,664,616,714
669: 621,623,671,715,717
670: 716,918,674,718,923
671: 621,669,715,625,675,719
672: 716,918,908,720
925: 829,825,892
674: 678,722,718,628,923,670
675: 625,629,679,671,719,723
932: 582,634,928,578,524
677: 627,681,631,725,721
678: 674
679: 629,675,723,633,683,727
680: 908,724,630,684,728,634
681: 635,685,631,729,725,677
682: 726,730,636,919,632
683: 633,637,902,679,727
684: 732,728,680,638,634,937,688
685: 635,681,643,733,689,729
921: 109,169,113,231,235,173
687: 735,902,731,691
688: 692,736,684,732,937,642
689: 733,737,643,693,685
690: 694,734,738,640,644,636
691: 641,645,902,687,695
692: 736,740,688,642,646,696
693: 938,927,697,741,737,689
694: 690,738,648,931,592,644
695: 649,645,691,743
696: 700,744,692,740,646,650
697: 701,651,927,741,745,693
920: 395,337,901,391,451
699: 
700: 696,744,748,650,654,704
701: 651,697,655,705,749,745
702: 648,746,940,656,652
703: 657,707,653,747,751
704: 708,752,700,748,654,658
705: 655,659,709,749,753,701
706: 754,750,940,710,660
707: 657,661,703,751,711
708: 704,752,756,658,712,662
709: 663,898,757,659,705,753
710: 706
711: 665,661,707
712: 708,756,666,662
713: 757,663
714: 758,664,668
715: 717,759,761,669,671,719
716: 670,672,718,760,762,720
717: 715,759,721,763,669
718: 674,722,764,760,670,716
719: 723,765,671,715,761,675
720: 908,724,762,672,716,766
721: 767,763,725,677,717
722: 674,718,726,764,768
723: 719,765,769,675,679,727
724: 908,680,720,766,770,728
725: 729,771,681,677,721,767
726: 682,730,772,768,722
727: 679,723,769,683
728: 684,732,770,680,724,774
729: 771,775,725,733,681,685
730: 682,726,636,734,772,776
731: 773,735,687,777
732: 684,728,774,778,736,688
733: 737,779,689,685,729,775
734: 690,738,780,776,730,636
735: 739,687,731,777,781
736: 692,740,688,732,782,778
737: 733,779,689,741,693
738: 690,694,734,931,780,784
739: 735,781,743,785
740: 692,736,782,786,696,744
741: 745,787,697,693,737
742: 746,931,792,824,784
743: 747,789,739,695
744: 696,700,748,740,786,790
745: 741,787,791,749,701,697
746: 648,702,742,750,792
747: 743,789,703,751,793
748: 700,744,790,794,704,752
749: 753,795,705,701,745,791
750: 706,754,940,796,792,746
751: 793,747,703,707
752: 704,708,756,748,794
753: 749,795,709,757,705
754: 706,750,758,796
755: 
756: 708,752,712
757: 713,663,709,753
758: 714,754
759: 715,717,761,763,797,799
760: 762,798,800,764,718,716
761: 715,759,797,719,765,801
762: 760,798,716,766,802,720
763: 721,767,803,717,759,799
764: 768,804,722,718,760,800
765: 719,723,769,761,801,805
766: 770,802,806,762,720,724
767: 721,763,771,725,807,803
768: 764,804,772,808,726,722
769: 723,765,805,727,916
770: 766,806,724,774,810,728
771: 729,775,725,811,807,767
772: 776,812,808,726,730,768
773: 809,813,916,731,777
774: 814,810,770,732,728,778
775: 729,771,733,779,815,811
776: 772,812,780,816,734,730
777: 817,781,731,813,773,735
778: 782,818,774,814,732,736
779: 733,737,815,819,775
780: 784,816,820,734,738,776
781: 817,821,777,735,739,785
782: 818,822,778,736,740,786
935: 141,75,76,23
784: 780,820,824,742,931,738
785: 825,739,821,781,789
786: 790,826,782,822,740,744
787: 741,745,791,823,827
929: 377,315,896,437
789: 743,747,892,785,793
790: 786,826,830,744,748,794
791: 745,787,749,795,831,827
792: 828,796,832,750,742,746
793: 751,747,789,892
794: 790,830,748,752
795: 749,753,831,791
796: 832,754,750,792
797: 799,833,835,759,761,801
798: 760,762,800,834,836,802
799: 797,833,763,803,837,759
800: 760,798,838,764,804,834
801: 805,839,761,797,835,765
802: 766,806,836,762,798
803: 837,807,767,763,799
804: 764,768,808,838,842,800
805: 801,839,843,765,769,916
806: 766,770,802,844,810
807: 811,845,771,767,803
808: 772,812,846,842,768,804
809: 813,773,916,843,917,847
810: 774,814,844,770,806,848
811: 845,849,807,815,771,775
812: 772,776,808,816,846,850
813: 809,773,917,817,777,851
814: 774,810,848,852,818,778
815: 819,853,779,775,811,849
816: 780,820,854,850,776,812
817: 821,777,781,813,851,855
818: 782,822,778,814,903,852
819: 815,853,857,823,779
820: 780,784,816,824,854,858
821: 817,781,855,825,785,859
822: 782,818,903,860,786,826
823: 827,861,787,819,857
824: 828,862,742,858,784,820
825: 892,785,821,859,925
826: 786,790,830,822,860
827: 823,861,831,787,791
828: 792,824,832,862
829: 925,892
830: 790,826,794
831: 795,791,827
832: 796,828,792
833: 797,799,835,837,865
834: 836,864,866,838,798,800
835: 797,833,801,839,867
836: 834,864,798,868,802
837: 803,869,799,833,865
838: 842,870,804,834,866,800
839: 801,805,843,835,867,871
840: 
841: 
842: 838,870,846,874,808,804
843: 805,839,871,809,916,847
844: 872,806,848,876,810
845: 811,849,807,877,873
846: 850,878,874,812,808,842
847: 875,879,917,843,871,809
848: 880,876,844,814,810,852
849: 811,845,815,853,881,877
850: 846,878,854,882,816,812
851: 855,813,917,817
852: 903,848,880,814,818
853: 815,819,857,881,849
854: 858,882,816,820,850
855: 851,817,821,859
856: 933
857: 819,853,823,861
858: 854,862,824,820
859: 821,855,825
860: 903,933,822,826
861: 823,827,857
862: 828,824,858
863: 
864: 834,836,866,884,886,868
865: 883,837,869,904,833
866: 834,864,888,838,870,884
867: 871,835,885,839
868: 872,886,836,864
869: 904,873,837,865
870: 838,842,874,888,866
871: 867,839,843,847
872: 844,868,876
873: 877,845,869
874: 846,878,842,870
875: 847
876: 848,880,844,872
877: 873,881,845,849
878: 846,850,874,882
879: 917,847
880: 848,876,852
881: 853,849,877
882: 854,850,878
883: 865,885,904
884: 886,888,864,866
885: 883,867
886: 884,864,868
887: 936,904
888: 870,884,866
890: 384,322,388,326,266,262
891: 474,478,530,538,588,534
892: 825,789,793,829,925
893: 268,206,264,390,332
894: 201,263,79,145,205
927: 651,697,595,938,693,647
896: 385,323,319,929,381,437
897: 266,212,909,208,270
898: 663,667,611,709,607,659
899: 276,214,154
900: 48,110,174,178,52
901: 273,337,920,329,391
902: 637,683,641,691,687
903: 933,852,818,822,860
904: 869,887,865,883
905: 480,484,540,426,488,544
906: 18,69,65,16,61
907: 93,155
908: 680,720,724,672,630
909: 897,334,270,326,330
910: 
911: 142,138,76,202
912: 439,443,379,387,325,383
931: 648,742,784,694,738
942: 125,914,63,129
943: 10,12,50,54,8
944: 22,82,24,78
945: 556,610,614,560