0: 31,2,33,34
1: 31
2: 37,33,38,34,0
3: 36,106,102,5,35
1076: 876
5: 39,35,3,7
6: 8,45,41,42
7: 9,5,48
8: 6,45,943,49
9: 7,48,11,51
983: 340,400,454,516,402
11: 51,1088,13,9
1040: 497,557,615,611,1172
13: 11,1088,56,15
1024: 820,1143,1035,854,882,850
15: 126,64,56,13,17
16: 1140,66,906,62
17: 63,64,15,67,1238
18: 70
1081: 1162,393,335
20: 906,1164,65
916: 1113,773,805,769
994: 782,818,903,860,826
23: 25,80,137,935,141
989: 881,873,887,904
25: 23,80,137,83
26: 1165,30,961
27: 29,87,83,984,88
28: 93,1195,907,277,1129,151
29: 87,27,88,1123,1103
30: 1142,94,1195,26,961
31: 0,1,33
1260: 1199,671,453,569
33: 2,37,0,31,95
34: 96,38,100,2,0
35: 39,5,97,36,3
36: 102,3,98,35
37: 2,33,41,103
38: 104,100,42,2,34
39: 5,35,97,101,105
946: 1188,819,972,1008,978,779
41: 6,45,37,103
42: 108,6,38,104
1051: 1007,842,1032,838
44: 
45: 6,8,41,49,111
1066: 1206,1267,323,437,441
1208: 596,652,592,542,538,1201
48: 110,7,9,900
49: 943,53,8,45,111
1070: 661,1261,617,1226
51: 11,1088,9,117,55
52: 56,118,900,178
53: 943,49,119
54: 58,943
55: 117,177,51,1088,181
56: 52,118,13,126,15
1116: 950,954,725,721,1058
58: 62,184,128,54
1104: 1001,886
1013: 1162,331,271,213,275,959
1089: 477,541,1042,595,985,537
62: 58,66,1130,16
63: 17,125,67,942
64: 126,15,130,17,1073,1238
65: 131,127,1164,906,20,939
66: 70,132,1130,62,16
67: 129,1238,63,17,942
1198: 660,546,490,486,596
1006: 1175,1203,396
70: 66,132,144,18
1217: 911,75,935,1111,970
72: 1073,1238,911,75
1261: 661,1070,1023,1101
1266: 194,256,1111,911
75: 911,1217,935,72,141
76: 960,146,970,935,80
1002: 1223,980,611,663
1057: 1267,441,503,1245
1091: 961,1165,81
80: 25,23,960,76,984
81: 1112,85,1091,1149
82: 1028,1029,1112,1248
83: 87,27,25,145,149
84: 1011,154,987,88,960,984
85: 1129,151,147,81,1149
923: 624,670,572,628,1022
87: 29,83,27,153,149,1103
88: 1011,84,29,27,984
1093: 1014,451,509
1148: 719,723,671,949,625,675
91: 275,153,1103,1229,1235
1229: 1123,1132,1103,91,1235
93: 1195,1128,28,907,1106
94: 1142,30,278
95: 998,157,33
96: 34,98,100,160
97: 39,35,998,101
98: 96,162,36,102
99: 
100: 38,104,164,160,34,96
101: 105,161,165,998,39,97
102: 36,106,3,98,162,166
103: 163,41,167,37
104: 38,100,42,108,164,168
105: 101,165,39,109,231
106: 102,3,166,170,110
1165: 26,1091,1028,148
108: 42,112,172,168,104
109: 231,105
110: 48,106,170,174,900
111: 171,49,175,45
112: 108,1027,176,172
1144: 560,446,508
1250: 1058,1034,1038
1221: 992,1173,1182,337
1237: 654,598,540,905,602
117: 173,55,51
118: 52,56,190,126
119: 123,183,53
1187: 1019,1269,879,1232
1257: 817,1094,851,855,813
1137: 846,850,1032,882,1141,874
123: 187,183,939,1140,119
1022: 672,1145,670,923
125: 181,185,63,942,914
126: 64,15,130,56,118,190
127: 131,65,191,187,939
128: 184,246,250,192,1130,58
129: 67,951,942,133,1095
130: 126,64,190,1138,194,1073
131: 65,127,1164,195,191,321
132: 66,70,1130,1244,144,1256
133: 141,129,1095,1156
1069: 996,1216,1219,1259,391
1203: 1006,1175
1077: 
137: 25,23,1156,894
1201: 588,644,592,1208,538,534
139: 1164,383,195,143,948
140: 144,1248,1029,200,1268,1244
141: 133,75,935,1156,23
142: 210,206,146,970
143: 1149,964,948,139,383
144: 140,1248,70,132,1244
145: 205,83,149,209
146: 960,76,970,210,142,987
147: 151,211,85,1149,265
148: 1028,212,1165,1096
149: 153,213,209,145,87,83
150: 1253,268,1230,1186,214
151: 211,147,28,277,1129,85
1223: 615,1002,980,611
153: 213,149,87,1103,91,275
154: 1011,84,987,1253,214
987: 84,154,210,960,146,1253
1121: 832,967
157: 95,998,219,161
1007: 1051,804,834,1207,800
1134: 621,453,513,455,1080,515
160: 164,222,100,96
161: 101,165,998,157,219,223
162: 166,228,220,98,102
163: 103,167,221,225
164: 226,222,168,104,100,160
165: 101,105,161,223,231
166: 162,228,1117,106,102,170
167: 171,229,103,163,225
168: 164,226,172,230,108,104
1215: 924,1191,1245,449,1127
170: 174,232,166,1117,106,110
171: 167,111,175,229
172: 230,234,1027,108,112,168
173: 117,177,235
174: 170,232,110,178,236,900
175: 241,111,171
176: 1027,112
177: 173,55,239,235,243
178: 182,236,174,52,900
1115: 903,856,1264
1113: 916,773,805,843
181: 125,185,55,243
182: 178,236,308,240
183: 123,187,245,119,1016
184: 246,128,58,242
185: 181,125,243,914,251
1132: 1123,1229,993
187: 123,183,939,127,245
1071: 1147,323,259,319,255,975
1117: 166,228,288,292,170,232
190: 248,1138,118,126,130
191: 1063,321,131,127
192: 1256,1130,128,250
193: 951,914,255,315,251,197
194: 256,252,1138,130,1073,1266
195: 139,1164,383,1249,131,321
196: 254,1256,200,258,1244
197: 1095,201,951,193,255,259
984: 27,960,80,84,88
957: 1196,1017,1055,1249,1063,321
200: 204,258,1268,140,196,1244
201: 1095,263,197,1156,259,894
202: 
1016: 241,183,245,305
204: 200,1268,1180,1096
205: 145,894,263,267,209
206: 210,142,332,893,268
1098: 721,669,1192,627,677
1095: 201,197,1156,129,951,133
209: 213,149,145,205,267,271
210: 142,206,146,1253,268,987
211: 151,147,277,1182,273,337
212: 1108,270,981,148
213: 153,149,209,1013,271,275
214: 276,150,154
1067: 481,1234,477
1230: 1262,1186,150,268
217: 
1175: 1006,1203,566
219: 279,157,161,223,283
220: 280,284,162,228
221: 225,285,281,163
222: 164,226,160
223: 283,287,219,161,165
1044: 1037,1105,334
225: 221,285,167,229,289,163
226: 164,222,168,230
1138: 248,190,130,194,252
228: 162,166,1117,220,284,288
229: 293,289,167,171,225
230: 172,234,294,226,168
231: 109,105,165,1050
232: 170,174,1117,296,292,236
1177: 
234: 172,230,1027,1214,294
235: 239,295,177,173
236: 178,182,296,174,232,240
1112: 81,82,948
1157: 618
239: 235,307,177,243
240: 358,296,182,236,308
241: 1016,175
242: 1214,306,184,246
243: 177,239,181,185
998: 95,157,97,101,161
245: 309,305,187,183,1016
246: 184,128,250,310,306,242
1167: 475,535,991,479,539
248: 190,1138,308,1178
1219: 1259,1146,1255,1125,1065,1069,1216
250: 246,128,314,192,254,310
251: 315,185,914,193
252: 194,256,1138,316
943: 53,49,54,8
254: 196,1256,258,318,314,250
255: 319,315,193,197,1071,259
256: 194,252,1266,1111
938: 693,595,1092,537
258: 200,322,318,196,254
259: 1147,1071,255,263,201,197
1049: 1158,1220,319,1054,975
986: 1207,1252,886
262: 
263: 201,1147,259,205,894
264: 
265: 964,147,273,1087,329
266: 897,1180,890
267: 327,385,205,209,271
268: 1253,150,332,210,206,1230
964: 143,1149,265,1087,383
270: 1108,212,334,278
271: 1013,331,267,327,213,209
1265: 1018,1015,416,412
273: 1124,337,211,265,901
971: 353,295,357
275: 91,153,213,1013,959
276: 214,1186
277: 907,1189,1182,28,151,211
278: 1037,94,270
279: 219,339,341,281,283
280: 340,220,284
281: 221,285,343,279,339
1008: 1188,946,733,779,954,950
283: 223,345,287,219,279,341
284: 346,288,280,220,228
285: 221,225,281,343,347,289
1101: 707,1258,1261
287: 223,345,283,349
288: 346,284,1052,228,1117,292
289: 229,293,1197,225,285,347
290: 
1207: 834,986,1252,1007
292: 354,296,288,1052,1117,232
293: 229,355,289,1197
294: 352,356,412,230,234
295: 1050,971,235
296: 354,292,232,358,240,236
1052: 346,288,406,354,350,292
1152: 859,821,892,1154
1136: 799,759,715,719,765
924: 1215,1191,922,507
1014: 1093,915,509,565
1131: 1068,654,658,1153
1227: 664,1114,1060,558
1001: 1104,888,1151,1252
305: 309,245,1016,423
306: 368,310,246,364,242
307: 239,1107,365
308: 182,240,1178,248
309: 245,305,371
310: 368,428,306,314,246,250
970: 146,76,1217,142
312: 
313: 
314: 318,432,254,310,428,250
315: 319,255,251,1054,193
316: 374,378,252,1205
980: 1223,1002
318: 314,432,380,322,258,254
319: 255,315,1054,1049,1071,975
1168: 1254,659,607,1042,985,1061
321: 1063,191,195,1249,957,131
322: 384,890,258,318,380
323: 1147,1071,975,385,1066
1064: 776,808
325: 329,391,1017,1055,443
1083: 1114,668,566,562
327: 267,385,1206,331,271,389
1011: 84,154,88
329: 1087,325,391,901,265
1028: 148,82,1029,1165,1096
331: 1162,1013,271,327,393,389
332: 893,206,336,268
936: 887,1072
334: 1108,270,1044,1037,1105
335: 959,1162,1081
336: 1262,332,508
337: 273,1124,1182,1221,211
1216: 996,1069,1219,1065,447
339: 279,341,281,343,399
340: 280,983,400
341: 279,339,345,283,401
1180: 981,1096,266,204
343: 285,281,347,403,399,339
1142: 94,30,1128
345: 283,287,349,341,405,401
346: 284,402,288,406,1052
347: 285,343,289,1197,351,403
348: 352
349: 345,287,405,353
350: 354,414,464,406,1052,468
351: 465,411,1197,347,407,403
352: 412,294,348
353: 409,971,349,405
354: 414,350,296,292,1052,358
355: 293,1197,415,469,411
356: 412,294,416
357: 417,413,971
358: 418,240,354,414,296
1171: 851,855,859,1150,982
1063: 191,375,321,957,1196
1031: 810,802,724,766,966
362: 
1210: 1133,1270
364: 420,368,424,306
365: 373,425,307,421,1107
1184: 844,1236,852
1172: 611,1225,1040,553
368: 310,424,428,306,364
1143: 862,858,1035,1043,820,1024
370: 1178,1233,374
371: 309,375,431,427
1059: 682,694,636,640,919
373: 365,425,429,1107,1158
374: 378,316,370,434
375: 1063,1196,431,379,371
1027: 1214,176,172,234,112
1186: 1230,1262,150,276
378: 374,316,434,438,1205
379: 435,431,1196,912,439,375
380: 318,432,384,322,1078
1122: 1035,854
1135: 794,1209,830
383: 139,195,1249,143,964,1087
384: 322,890,974,380
385: 267,327,1147,323,1206
386: 1120,1205,893
1178: 370,308,248
1245: 503,1057,1246,1127,1215
389: 393,1127,327,1206,1246,331
1262: 336,1230,1186
391: 325,329,901,996,1069
392: 
393: 449,1127,389,1162,331,1081
1234: 481,427,485,477,541,1067
395: 920,451
396: 1004,1105,1006,909
397: 
1075: 857,819,815,849
399: 457,403,343,339,1080
400: 340,983,458,454
401: 405,459,341,455,345
402: 346,406,516,983,460
403: 457,407,399,351,343,347
404: 
405: 459,401,345,349,353
406: 346,402,1052,460,464,350
407: 457,403,351,465,521
1072: 887,936,904,1179,883
409: 353,413,467,523
1029: 1028,82,1096,1268,140,1248
411: 351,465,1211,469,355,1197
412: 352,356,294,416,1018,1265
413: 409,467,357,417,471
414: 354,350,468,472,418,358
415: 469,423,355
416: 420,474,1265,356,412
417: 357,421,413,475,471
418: 358,422,414,472
1206: 1066,1246,1267,327,385,389
420: 364,416,424,474,478
421: 417,475,365,425,479
422: 418,426
423: 305,481,415
424: 368,1176,478,420,364
425: 365,373,429,421,479,483
426: 905,536,422,1233
427: 481,1234,485,431,371
428: 368,310,314,432,482
429: 373,425,483,1158,487
948: 944,1112,143,139
431: 485,435,379,375,371,427
432: 318,314,380,1078,428
433: 487,547,1220,929,551
434: 492,484,374,378,438
435: 485,431,379,439,493,549
960: 146,76,80,84,987,984
437: 975,929,441,1066
438: 496,434,492,378,442
439: 912,1109,435,379,493
440: 
441: 437,929,495,1066,1057,979
442: 1120,496,446,438
443: 912,1109,325,996,501,1055
1110: 
981: 1180,1004,1108,212,897
446: 496,1120,442,1144
447: 990,557,501,1216
914: 951,942,193,125,185,251
449: 393,1127,1215,1191,1133
915: 509,505,1014,565,1009
451: 395,920,1125,1093,1146
1080: 455,457,399,513,1134
453: 621,1134,1260,515,569
454: 516,512,458,983,400
455: 1080,1134,459,401,515
1017: 957,1055,1087,325,1249
457: 407,403,399,513,1080
458: 470,454,400
459: 405,401,455,519,515
460: 574,578,464,516,402,406
967: 792,832,1121,1045,750
1038: 1179,1250,865
1054: 319,315,1158,1049
464: 460,578,406,468,350
465: 351,411,1211,521,525,407
1043: 820,1143,962,784
467: 527,523,531,413,409,471
468: 464,414,350,472
469: 415,355,411,1211
470: 458,522,1018
471: 475,535,413,467,531,417
472: 532,468,414,418
473: 1092,1211,525,529
474: 534,530,478,420,416,1015
475: 471,535,1167,417,421,479
959: 335,1162,1013,275
477: 541,1089,1234,1067,537
478: 474,534,538,1176,424,420
479: 483,539,421,475,1167,425
1200: 
481: 427,1234,1067,423
482: 1176,1078,486,428
483: 479,539,425,429,487
484: 905,1233,434,602
485: 435,431,549,427,1234,541
486: 490,1078,1198,482,542
487: 433,547,429,483,1220
1231: 1019,1269,885,1099,1085,1228
939: 123,187,906,65,127,1140
490: 1078,486,1198,546
1189: 907,997,277,1182
492: 434,602,1068,552,438
493: 549,607,439,553,435
928: 1048,1185,578
495: 551,1239,929,441,979
496: 556,552,446,438,442
497: 1040,501,557,1109
922: 617,1166,924,1242
919: 580,584,640,682,1059,632
917: 847,956,851,813
501: 996,447,557,443,1109,497
502: 562,974,558
503: 1166,979,1245,1057
1037: 278,1044,334
505: 915,509,1065,1009,990
1018: 526,1015,1265,412,522,470
507: 1242,924,1191
508: 1144,336
509: 915,505,1065,1093,1014,1146
1094: 817,1257,777,731,773,813
988: 1030,784,962,738,734
512: 454,516,624,570,574
513: 571,457,1080,621,1134
1060: 1114,668,714,1224,1227
515: 519,455,1134,453,459
516: 454,512,983,460,574,402
1193: 697,787,701,745,651,1061
1058: 1250,1116,950
519: 577,515,459,523
963: 1012,769,675,723,683
521: 579,525,465,407,575
522: 470,580,1018,526,576
523: 467,527,577,519,409
1055: 957,1196,1017,325,912,443
525: 521,579,529,473,465,1211
526: 1018,1015,530,580,584,522
527: 467,523,531,577,585
1103: 1123,1229,29,87,153,91
529: 579,525,473,1092,635
530: 474,534,588,584,526,1015
531: 467,527,585,471,535,589
532: 472,536,590,586
533: 
534: 474,530,478,538,588,1201
535: 475,471,1167,531,991,589
536: 532,590,540,426
537: 477,1089,595,938
538: 542,1176,1208,1201,534,478
539: 479,483,1167,1251,597
540: 598,1237,590,536,905
541: 477,1089,1042,485,549,1234
542: 538,1176,486,596,1208
1246: 1206,1267,1245,1127,389
1099: 1019,1231
942: 951,914,63,125,129,67
546: 660,1198,664,490
547: 487,433,605,601,551
962: 824,742,1043,784,988
549: 493,607,485,435,541,1042
1108: 212,270,334,1004,1105,981
551: 495,1239,433,547,605
552: 496,556,1068,492,610
553: 1160,1172,493,607,1254
1205: 386,378,316
1030: 784,988,1046,734,636,776
556: 496,552,610,1218,560
557: 990,447,501,615,497,1040
558: 974,1114,502,562,1227
1046: 1030,784,816,776
560: 1144,556,618,1218
1092: 473,938,529
562: 502,566,1083,1114,558
1004: 396,1105,1108,897,909,981
1224: 758,714,1060
565: 1014,915
566: 562,1175,1083
1202: 668
992: 1173,1221
569: 625,453,1260,577
570: 624,973,512,626,574
571: 575,513,1097,1086,621
572: 576,628,624,923
1220: 1158,1049,487,433,929
574: 460,578,570,516,512,626
575: 571,521,579,1086
576: 572,628,632,580,522
577: 519,679,569,527,523
578: 460,574,464,626,928
579: 521,525,529,635,631,575
580: 584,919,526,576,632,522
1123: 1132,1103,1229,29,993
582: 590,1119,586,634,692,642
1173: 992,1221,920
584: 580,919,588,640,530,526
585: 637,683,527,531,589
586: 590,582,1048,634,532
1211: 465,411,469,473,525
588: 1201,644,640,534,530,584
589: 641,991,531,585,637,535
590: 582,586,532,536,540
1096: 1180,1028,148,1029,204,1268
592: 652,1208,648,1118,1201,644
1267: 1066,1206,1057,1246
991: 641,589,695,535,1167
595: 651,985,1089,537,938,693
596: 652,1208,656,1198,542
597: 649,1251,695,539
598: 654,1237,540,1119
1042: 541,1089,549,607,1168,985
1179: 1038,1072,904,865,883
601: 657,605,1251,547
602: 492,1237,905,484,1068
1107: 307,365,373
990: 447,557,505,1009,615
605: 657,601,547,551,661
1236: 774,966,810,844,1184
607: 493,549,553,1254,1168,1042
1088: 11,51,13,55
1141: 874,1137,1032,838,870
610: 556,552
611: 1172,615,1223,1002,1040
978: 946,972,787,969,779,741
982: 1171,1150
1185: 626,1243,1159,928
615: 1223,990,557,1040,611
1109: 912,439,443,501,497
617: 1226,922,1070,1166
618: 1218,560,1157
1120: 386,442,446,893
1249: 383,195,1087,957,1017,321
621: 1134,453,571,513,1097,1199
622: 973
623: 1199,671,627,669,949
624: 570,923,572,512
625: 679,569,675,671,1148
626: 1185,1243,570,973,574,578
627: 677,1097,1086,1098,669,623
628: 572,576,632,674,670,923
1009: 915,505,990
1125: 451,1219,1146,1255
631: 635,681,579,677,1086
632: 576,628,682,580,919,674
979: 1166,503,441,495,1239,1226
634: 1159,1048,684,642,582,586
635: 681,631,579,529
636: 734,694,1030,776,1059
637: 585,683,1012,641,589,902
965: 750,754,656,702
931: 648,702,738,742
640: 588,644,694,1059,584,919
641: 991,589,695,637,902,691
642: 692,732,684,1212,634,582
1146: 1219,451,1125,509,1065
644: 588,1201,640,592,694,1118
1032: 846,1137,1141,838,842,1051
1139: 724,766,672,973,1243
1105: 396,1004,1044,1108,334
648: 702,931,738,652,592,1118
649: 597,695,653
1114: 1083,668,1060,562,1227,558
651: 595,985,1061,697,1193,693
652: 596,592,1208,656,648,702
653: 1090,649,747,703
654: 598,1237,1153,1131
1085: 1183,1228,835,885,1231
656: 660,965,702,596,652
657: 605,601,1023,703,661
658: 1161,952,1153,1131,1155
659: 1254,1168,1225,705,701,1061
660: 656,1198,546,664
661: 1070,1261,657,605,1023
1078: 490,486,432,380,482
663: 757,898,1002,713
664: 1227,660,546
1153: 1161,658,700,654,1131
1118: 734,694,648,738,592,644
1061: 651,985,659,1168,701,1193
668: 1083,1114,1060,1202,714
669: 1098,627,623,1263
670: 674,722,628,1022,1145,923
671: 1199,623,1260,949,625,1148
672: 1022,973,766,1139
925: 1154
674: 722,670,682,628,632
675: 625,679,723,1148,683,963
1199: 671,623,1260,1097,621
677: 627,1086,631,1192,1098
949: 715,1263,671,623,719,1148
679: 625,675,577,683
1050: 295,231
681: 635,631,685,729,1192
682: 1059,919,674,632
683: 585,637,679,675,1012,963
684: 1212,728,1159,634,642
685: 733,681,729
1226: 617,1239,1070,1166,979
687: 902,691,777,731,739
1127: 449,393,389,1246,1245,1215
1225: 1172,898,1254,659,705
1073: 72,64,130,194,1238
691: 902,687,641,695
692: 642,740,732,1119,582,696
693: 938,595,651,697
694: 734,1118,636,644,640,1059
695: 641,991,691,649,597
696: 700,744,692,740,1119
697: 1193,787,651,693,741
920: 395,451,1173
1251: 597,539,601
700: 696,744,1190,1161,1153
701: 749,705,745,659,1061,1193
702: 648,931,965,656,652
703: 751,747,653,657,1023
704: 794,1209,1190,1161,952,756
705: 749,701,1225,898,1163,659
1213: 849,881,1247
707: 1101,1258
708: 1155,952,756
1149: 143,964,85,147,81
954: 729,725,733,1008,1116,950
1068: 1131,492,602,552
975: 437,319,1049,1071,323
713: 757,663,1053
714: 668,1060,1224
715: 949,1263,759,1136,719
1269: 1187,1231,1228,879
717: 721,763,1263,759
1130: 66,132,192,1256,128,62
719: 723,1148,715,949,1136,765
1048: 1159,634,928,586
721: 1098,717,725,1116,763
722: 674,670,764,1145
723: 719,1148,675,765,963,769
724: 766,1139,1031,966,728
725: 729,954,1192,1116,721
1222: 1235
1145: 1022,764,722,670,760
728: 684,1212,724,774,966
729: 954,725,1192,733,685,681
730: 
731: 777,1094,773,687
732: 692,642,740,1212,782,778
733: 779,685,1008,729,954
734: 694,1118,636,738,1030,988
1065: 509,505,1219,1146,1216
1087: 329,964,265,383,1249,1017
1045: 758,967,750,754
738: 648,931,988,734,1118
739: 1090,687,777
740: 692,732,782,696,744
741: 779,697,787,978
742: 824,962,792,931
1232: 879,956,1187
744: 696,700,1190,740,748
745: 749,701,1193,787,1026
1209: 794,1135,704,756
747: 751,703,653,1090,789,793
748: 830,826,744,1190,794
749: 705,701,745,1163,791
750: 965,754,1045,792,967
751: 747,703,793,1258
1019: 1187,1231,1099
753: 968,757,1163,795,791
754: 965,750,758,1045
952: 1161,658,704,756,708,1155
756: 1209,704,952,708
757: 663,1163,713,968,1053,753
758: 1224,1045,754
759: 799,1136,717,1034,763,715,1263
760: 800,798,764,1145
1090: 653,739,789,747
1035: 854,1122,858,1143,1024
763: 1034,721,717,759
764: 804,722,760,800,1145
765: 801,1136,719,723,769
766: 724,1139,672,1031
1176: 482,542,538,424,478
993: 1123,1132
769: 963,723,765,916
1147: 1071,323,259,263,385
997: 907,1106,1189
973: 570,622,672,1139,626,1243
773: 1113,916,1094,731
774: 966,1236,1212,728,778
1053: 968,713,757
776: 1064,1030,1046,636
777: 817,1094,731,687,739
778: 782,818,774,1212,732
779: 733,741,946,1008,978
985: 595,651,1061,1168,1089,1042
1252: 986,1207,1151,1001
782: 818,778,994,740,732
935: 1217,75,141,76,23
784: 1030,988,1046,962,1043
1256: 192,196,254,132,1130,1244
1074: 823,827
787: 697,1193,745,969,741,978
929: 437,441,1220,433,495
789: 1090,747,892,793
1228: 1085,871,1231,1269
791: 831,795,753,749,1026
792: 832,967,750,742
793: 829,892,789,751,747
794: 1209,1135,704,830,748,1190
795: 831,791,968,753
1086: 627,677,1097,631,575,571
797: 799
798: 760,800,834,836,802
799: 797,759,1136,1034,833
800: 760,798,1007,764,804,834
801: 805,765,1084,1183
802: 1031,810,836,798,806
1214: 1027,242,234
804: 764,808,1007,800
805: 801,1084,1113,916,843
806: 1174,836,810,802,844
1238: 67,64,17,72,1073
808: 804,1064,812,842
1151: 888,838,870,1001,1252
810: 1031,802,806,844,966,1236
1026: 1240,969,745,831,791
812: 846,816,842,808
813: 851,917,1257,1094
1140: 16,906,123,939
815: 845,849,1188,819,1075
816: 846,850,820,1046,812
817: 1257,777,1094,855,821
818: 782,778,994,903,852
819: 1188,946,972,1075,857,815
820: 1043,1024,1143,850,816
821: 817,855,859,1152
968: 1053,753,757,795
823: 1074,1241,827,1240,857
824: 742,962,828,862
1023: 657,703,661,1261,1258
826: 830,748,994,860
827: 831,1240,1074,823
828: 832,862,824
829: 892,793,1154
830: 748,826,794,1135
831: 795,791,827,1026
832: 792,967,1121,828
833: 835,865,799,1183
834: 836,1207,1007,800,798
835: 865,833,885,1085,1183
836: 834,798,806,802
1097: 627,1086,571,621,1199
838: 870,1151,1141,1032,1051
1124: 273,337,1259,1255,901
961: 1129,1091,30,1195,26
1084: 871,1183,801,805,843
842: 1051,846,1032,812,808
843: 847,805,871,1084,1113
844: 1184,1174,806,810,1236
845: 815,873,849
846: 850,1137,816,1032,812,842
847: 843,917,871,879,956
996: 501,1069,1216,391,443
849: 815,845,1075,1213,881
850: 846,1137,816,882,820,1024
851: 855,813,1171,917,1257
852: 903,1184,818
1129: 961,85,1195,28,151
854: 1035,882,1122,1024
855: 851,1171,817,1257,821,859
856: 1115,1264
857: 1075,823,1241,819,972
858: 862,1143,1035
859: 1150,1152,855,1171,821
860: 1264,903,994,826
1010: 
862: 858,1143,828,824
944: 948,1248
1174: 806,872,844
865: 835,833,1038,1179,883
1106: 907,997,93
1111: 256,1266,1217
1128: 93,1142
1015: 1018,526,1265,474,530
870: 888,838,1151,1141
871: 1084,1228,847,843,879
872: 1174
873: 845,989,904
874: 1141,882,1137
972: 819,946,978,969,857
876: 1076
1263: 715,949,669,717,759
1119: 582,692,696,598
879: 956,1232,871,1187,1269,847
880: 
881: 989,1247,1213,849
882: 854,1024,874,850,1137
883: 885,1179,1072,865
1034: 763,1250,799,759
885: 883,835,1085,1231
886: 1104,986
887: 936,1072,904,989
888: 870,1151,1001
890: 384,322,266
1197: 355,293,289,351,411,347
892: 829,793,789,1152,1154
893: 332,386,1120,206
894: 205,263,201,1156,137
1012: 963,637,683,902
1212: 684,728,774,778,642,732
897: 909,266,1004,981
898: 663,1163,1225,705
1218: 618,556,560
900: 52,174,48,110,178
901: 329,391,273,1124,1259
902: 687,691,637,1012,641
903: 1115,852,818,994,860
904: 887,1072,873,989,1179
905: 426,484,1237,540,602
906: 20,65,1140,16,939
907: 1106,997,1189,277,93,28
1258: 707,1101,1023,751
909: 897,396,1004
956: 879,1232,847,917
911: 1217,75,72,1266
912: 439,443,1109,1196,1055,379
950: 1116,1188,1008,954,1058
951: 942,914,193,129,1095,197
974: 558,502,384
966: 774,1236,1031,810,724,728
969: 1026,1240,787,972,978
1133: 1210,449,1191,1181
1150: 859,1171,982
1154: 925,1152,829,892
1155: 708,952,658
1156: 1095,201,133,141,137,894
1158: 1049,1220,373,429,1054
1159: 1048,634,1185,684
1160: 553
1161: 952,658,1153,700,1190,704
1162: 1013,331,393,335,959,1081
1163: 757,898,753,749,705
1164: 139,195,20,131,65
1166: 979,503,617,1226,922
1181: 1133,1270
1182: 1189,277,1221,211,337
1183: 1085,1084,835,833,801
1188: 819,946,1008,950,815
1190: 700,744,748,794,704,1161
1191: 1215,924,449,507,1133
1192: 729,725,681,677,1098
1194: 1255
1195: 93,28,30,1129,961
1196: 957,1055,912,1063,375,379
1233: 370,426,484
1235: 1222,1229,91
1239: 495,551,979,1226
1240: 1026,969,827,823
1241: 823,857
1242: 507,922
1243: 1185,626,973,1139
1244: 132,200,140,144,196,1256
1247: 881,1213
1248: 140,144,82,1029,944
1253: 150,268,210,154,987
1254: 659,1168,553,1225,607
1255: 1219,1259,1125,1124,1194
1259: 1219,1255,1124,901,1069
1264: 860,856,1115
1268: 200,204,1096,1029,140
1270: 1210,1181