0: 1,31,33,2,32,34
1: 0,31,32,36,3,35
2: 4,37,38,34,0,33
3: 5,35,39,1,36,40
4: 2,37,42,6,41,38
5: 3,39,44,7,43
6: 8,45,41,46,42,4
7: 47,43,9,5,44,48
8: 6,45,50,10,49,46
9: 7,47,48,52,11,51
10: 12,49,53,50,54,8
11: 51,55,9,52,56,13
12: 10,53,58,14,57,54
13: 15,59,56,11,55,60
14: 16,57,61,58,62,12
15: 13,59,63,60,64,17
16: 14,61,66,18,906,62
17: 19,67,64,15,63,68
18: 906,69,20,66,70,16
19: 17,67,71,68,72,75
20: 22,73,74,70,18,69
916: 809,773,769,805,843,910
22: 73,20,24,74,78
23: 76,141,80,25,79
24: 26,81,82,78,22
25: 27,83,79,23,84,80
26: 24,81,85,28,82
27: 25,83,84,88,29,87
28: 30,89,26,85
29: 87,91,27,88,92
30: 28,89,93,94
31: 0,1,33,95,97,35
32: 34,96,98,0,1,36
33: 0,31,2,37,99,95
34: 32,96,38,100,2,0
35: 3,39,1,31,97,101
36: 102,32,98,1,3
37: 2,4,41,99,103,33
38: 104,100,42,2,4,34
39: 3,5,35,101,105,43
40: 3
41: 6,45,107,4,37,103
42: 46,108,6,38,104,4
43: 7,47,5,39,105,109
44: 48,110,106,5,7
45: 6,8,41,49,107,111
46: 108,112,42,50,6,8
47: 7,43,9,109,51,113
48: 44,110,900,7,9,52
49: 10,53,115,8,45,111
50: 54,116,10,46,112,8
51: 11,55,47,9,117,113
52: 56,48,900,9,11
53: 10,12,49,57,115,119
54: 50,116,120,58,10,12
55: 11,51,117,13,59,121
56: 52,11,60,118,13
57: 14,61,123,12,53,119
58: 62,124,14,54,120,12
59: 13,15,63,55,121,125
60: 64,118,126,56,13,15
61: 14,16,57,65,123,127
62: 58,124,128,66,14,16
63: 15,59,125,17,67,129
64: 60,126,15,68,130,17
65: 906,131,61,127
66: 70,132,18,62,128,16
67: 17,19,71,63,129,133
68: 72,130,134,64,17,19
69: 18,906,73,20,135,131
70: 66,132,74,136,20,18
71: 19,67,133,75,141,137
72: 68,134,19,911,138,75
73: 22,20,139,135,69
74: 78,140,136,22,20,70
75: 76,141,72,19,71
76: 23,75,141,911,80
77: 
78: 74,140,82,144,24,22
79: 25,83,23,894,145
80: 84,146,911,76,23,25
81: 24,26,85,143,147
82: 144,148,24,26,78
83: 25,27,79,145,149,87
84: 146,150,80,25,27,88
85: 26,81,28,89,151,147
86: 
87: 29,91,27,83,149,153
88: 92,154,84,150,27,29
89: 28,30,151,155,85
90: 
91: 29,87,153
92: 88,154,29
93: 907,30
94: 30
95: 97,157,159,99,31,33
96: 32,34,98,100,158,160
97: 95,157,31,35,101,161
98: 32,96,158,162,36,102
99: 103,163,37,33,95,159
100: 38,104,164,160,34,96
101: 105,161,165,97,35,39
102: 36,106,98,162,166
103: 99,163,41,107,167,37
104: 38,100,168,108,42,164
105: 101,165,39,43,109,169
106: 102,166,170,44,110
107: 111,171,167,45,41,103
108: 46,112,42,172,168,104
109: 921,169,173,105,47,43,113
110: 44,48,900,106,170,174
111: 107,171,49,115,175,45
112: 46,108,176,50,116,172
113: 117,177,47,109,173,51
114: 900
115: 119,175,179,49,53,111
116: 50,54,120,176,180,112
117: 177,181,113,51,55,121
118: 60,126,182,56,186
119: 115,179,57,123,183,53
120: 54,116,184,58,124,180
121: 125,185,55,117,181,59
913: 351,355,411,293
123: 127,183,187,57,61,119
124: 58,62,128,184,188,120
125: 121,185,914,59,63,129
126: 60,64,118,186,190,130
127: 123,187,65,131,191,61
128: 62,124,192,66,132,188
129: 133,193,63,125,914,67
130: 68,134,190,64,126,194
131: 195,191,135,65,69,127
132: 66,70,136,192,196,128
133: 129,193,197,67,71,137
134: 68,72,130,194,198,138
135: 139,199,73,69,131,195
136: 74,140,200,196,70,132
137: 201,71,133,197,141
138: 911,198,72,134,202
139: 199,203,135,143,73
140: 74,78,136,144,200,204
141: 76,23,75,71,137,894
142: 911,202,206,146
143: 147,207,81,139,203
144: 82,148,208,204,78,140
145: 149,209,205,894,83,79
146: 84,150,80,142,210,206
147: 143,207,211,151,81,85
148: 82,144,208,152,212
149: 145,209,83,87,153,213
150: 84,146,210,214,88,154
151: 155,215,89,85,147,211
152: 216,212,148
153: 213,149,87,91
154: 88,92,150,214,899
155: 151,215,907,89
156: 
157: 95,97,159,217,219,161
158: 160,218,220,96,98,162
159: 95,157,99,163,221,217
160: 158,218,164,222,100,96
161: 101,165,97,157,219,223
162: 166,224,158,220,98,102
163: 99,103,167,221,225,159
164: 222,226,168,104,100,160
165: 101,105,161,223,227,169
166: 162,224,228,102,106,170
167: 107,171,229,103,163,225
168: 172,230,108,164,226,104
169: 109,921,105,165,227
170: 174,232,166,228,106,110
171: 107,111,167,175,229,233
172: 230,234,168,176,108,112
173: 109,921,231,177,113,235
174: 170,232,236,110,900,178
175: 115,179,237,111,171,233
176: 180,238,116,172,234,112
177: 117,181,113,173,239,235
178: 182,240,174,236,900
179: 115,119,175,183,237,241
180: 176,238,242,184,116,120
181: 117,177,239,121,185,243
182: 178,240,186,244,118
183: 123,187,245,119,179,241
184: 188,246,124,180,242,120
185: 121,125,914,181,243,247
186: 190,244,248,182,118,126
187: 123,127,183,191,245,249
188: 184,246,250,192,124,128
189: 251,255,914,247,193
190: 186,248,126,194,252,130
191: 131,195,253,127,187,249
192: 196,254,132,188,250,128
193: 129,133,197,914,255,189
194: 198,252,256,190,130,134
195: 131,191,199,135,253
196: 192,254,258,200,136,132
197: 133,193,255,137,201,259
198: 194,256,134,202,260,138
199: 139,203,135,261,195
200: 204,262,140,136,196,258
201: 137,894,197,259,263,205
202: 264,260,198,142,138,206
203: 139,199,143,207,265,261
204: 200,262,266,144,208,140
205: 145,209,894,201,263,267
206: 210,893,202,264,142,146
207: 143,147,211,265,269,203
208: 144,148,212,897,204
209: 145,149,205,267,271,213
210: 268,206,146,150,214
211: 147,207,151,215,273,269
212: 897,216,270,152,148,208
213: 153,149,209,271,275
214: 272,899,210,268,150,154
215: 151,155,273,277,926,211
216: 274,270,152,212
217: 219,279,281,221,157,159
218: 158,160,220,280,222
219: 217,279,157,161,223,283
220: 158,218,280,162,224,284
221: 225,285,163,159,217,281
222: 164,286,226,160,218
223: 227,283,287,219,161,165
224: 162,166,228,284,288,220
225: 221,285,167,229,289,163
226: 164,286,222,230,168,290
227: 223,287,165,921,169,231,291
228: 166,224,288,170,232,292
229: 233,293,289,171,167,225
230: 172,234,294,168,290,226
231: 295,291,227,921,173,235
232: 170,174,236,292,296,228
233: 229,293,175,237,297,171
234: 172,230,294,176,238,298
235: 239,299,173,231,295,177
236: 174,232,296,178,240
237: 241,297,301,175,179,233
238: 176,180,242,298,302,234
239: 299,303,235,177,181,243
240: 178,182,304,236,244
241: 237,301,183,245,305,179
242: 180,238,302,184,246,306
243: 247,307,181,239,303,185
244: 186,248,308,182,240,304
245: 249,305,309,183,187,241
246: 184,188,250,306,310,242
247: 243,307,311,185,251,189
248: 186,190,244,308,312,252
249: 245,309,191,253,313,187
250: 188,246,310,192,254,314
251: 255,315,189,247,311
252: 194,256,190,248,312,316
253: 317,313,195,191,249
254: 192,196,258,314,318,250
255: 251,189,193,197,259,319
256: 194,198,252,316,320,260
257: 321
258: 196,254,318,322,200,262
259: 263,323,319,197,255,201
260: 202,264,324,320,198,256
261: 321,325,265,199,203
262: 200,204,266,890,322,258
263: 259,323,201,205,267,327
264: 202,260,324,893,206
265: 269,329,207,203,261,325
266: 897,326,890,204,262
267: 271,331,327,263,209,205
268: 210,893,332,336,272,214
269: 265,329,273,207,211
270: 216,274,334,212,909,897
271: 267,331,209,213,275,335
272: 276,214,899,268,336
273: 901,926,215,211,269
274: 216,270,278,338,334
275: 335,271,213
276: 272,899
277: 337,926,215
278: 274
279: 217,219,281,339,341,283
280: 218,220,340,342,284
281: 217,279,221,285,343,339
918: 670,672,923,622,624
283: 223,287,219,279,341,345
284: 224,288,342,220,280,346
285: 221,225,289,343,347,281
286: 222,226,290,344,348
287: 223,227,283,345,349,291
288: 224,228,284,346,350,292
289: 229,293,351,225,285,347
290: 230,294,352,348,286,226
291: 231,295,227,287,349,353
292: 232,296,350,228,288,354
293: 229,233,289,297,355,913
294: 230,234,290,298,352,356
295: 231,291,353,357,299,235
296: 232,236,292,354,358
297: 237,301,359,233,293,355
298: 238,302,360,356,234,294
299: 239,303,235,295,357,361
300: 
301: 237,241,297,305,359,363
302: 238,242,298,306,360,364
303: 239,299,361,243,307,365
304: 240,362,366,244,308
305: 245,309,367,241,301,363
306: 246,310,368,364,242,302
307: 243,247,311,303,365,369
308: 244,248,312,366,304,370
309: 245,249,305,313,367,371
310: 246,250,306,314,368,372
311: 247,307,369,251,315,373
312: 248,308,370,374,316,252
313: 253,317,375,249,309,371
314: 254,318,376,372,250,310
315: 251,896,311,373,377,319
316: 374,378,320,312,252,256
317: 253,313,321,375,379
318: 254,258,314,322,376,380
319: 259,323,255,315,896
320: 378,316,256,382,260,324
321: 261,383,317,257
322: 384,890,262,380,258,318
323: 259,263,319,896,381,385,327
324: 264,260,320,382,386
325: 261,383,265,329,387
326: 388,330,266,909,890
327: 267,331,263,323,385,389
328: 893
329: 265,269,333,387,391,325
330: 388,392,326,452,396,334,909
331: 267,271,327,389,393,335
332: 390,394,268,893,336
333: 329,901
334: 396,338,274,270,330,909
335: 275,271,331,393
336: 394,332,268,272
337: 277,901,926,920
338: 396,334,274
339: 341,397,399,343,279,281
340: 342,398,400,344,280
341: 339,397,279,283,345,401
342: 340,398,280,346,402,284
343: 347,403,285,281,339,399
344: 348,404,286,340,400
345: 349,401,405,341,283,287
346: 350,402,406,342,284,288
347: 343,403,289,351,407,285
348: 344,404,352,408,290,286
349: 345,405,287,291,353,409
350: 346,406,288,354,410,292
351: 913,407,289,347
352: 356,412,408,294,290,348
353: 357,409,413,349,295,291
354: 358,410,414,350,292,296
355: 411,913,297,359,415,293
356: 352,412,360,416,298,294
357: 353,413,295,299,361,417
358: 354,414,296,362,418
359: 363,415,419,297,301,355
360: 364,416,420,298,302,356
361: 417,421,357,299,303,365
362: 418,422,366,358,304
363: 359,419,305,367,423,301
364: 360,420,368,424,306,302
365: 369,425,303,361,421,307
366: 362,422,304,370,426,308
367: 371,423,427,305,309,363
368: 372,424,428,306,310,364
369: 365,425,429,307,311,373
370: 426,366,308,312,374
371: 367,427,313,375,431,309
372: 368,428,376,432,314,310
373: 377,433,311,369,429,315
374: 378,434,316,430,370,312
375: 435,431,379,317,313,371
376: 436,432,380,314,318,372
377: 373,433,315,896,437
378: 374,434,438,316,320,382
379: 375,435,383,912,439,317
380: 376,436,384,440,322,318
381: 385,441,437,896,323
382: 386,442,378,438,320,324
383: 321,325,912,379
384: 440,890,322,388,444,380
385: 381,323,327,389,445
386: 382,442,324,390,446
387: 391,447,329,325,912,443
388: 392,326,330,444,384,890
389: 393,449,445,385,331,327
390: 394,332,446,386
391: 387,447,451,901,920,329
392: 388,330,452,502,506
393: 389,449,331,335
394: 390,332,336
395: 509,920,451
396: 338,334,452,330
397: 339,341,399,453,455,401
398: 340,342,400,454,456,402
399: 339,397,343,403,457,453
400: 340,398,458,344,404,454
401: 345,405,341,397,455,459
402: 346,406,456,342,398,460
403: 343,347,407,457,461,399
404: 344,348,408,458,462,400
405: 345,349,401,459,463,409
406: 346,350,402,460,464,410
407: 351,411,465,347,403,461
408: 352,412,466,462,348,404
409: 353,413,349,405,463,467
410: 354,414,464,350,406,468
411: 355,913,407,415,465,469
412: 352,356,408,416,466,470
413: 353,357,409,467,471,417
414: 354,358,410,468,472,418
415: 359,419,473,355,411,469
416: 360,420,474,470,356,412
417: 361,421,357,413,471,475
418: 362,422,472,358,414,476
419: 359,363,415,423,473,477
420: 360,364,416,424,474,478
421: 361,417,475,365,425,479
422: 362,418,366,476,480,426
423: 367,427,481,363,419,477
424: 368,428,482,478,364,420
425: 365,369,429,421,479,483
426: 370,422,366,480,484
427: 367,371,423,431,481,485
428: 368,372,424,432,482,486
429: 369,425,483,373,433,487
430: 484,374,434
431: 375,435,371,427,485
432: 376,436,490,486,372,428
433: 373,377,429,487,491
434: 374,378,438,430,488,492
435: 375,431,379,439,493
436: 376,432,380,440,490
437: 381,441,377,491,495
438: 378,434,492,496,382,442
439: 912,497,435,379,493
440: 384,444,436,380
441: 381,437,495,445
442: 382,386,438,496,446
443: 912,387,447,501,497
444: 502,388,384,440
445: 389,449,503,385,441
446: 390,386,442,504
447: 387,391,451,505,443
914: 125,185,129,193,189
449: 389,393,445,503,924,507
915: 565,509,505,561
451: 391,447,395,509,920,505
452: 510,396,506,392,330
453: 455,511,513,457,397,399
454: 456,512,514,458,398,400
455: 453,511,397,401,459,515
456: 454,512,398,460,516,402
457: 461,517,403,399,453,513
458: 462,518,404,454,514,400
459: 463,515,519,455,401,405
460: 464,516,520,456,402,406
461: 457,517,407,465,521,403
462: 458,518,466,522,408,404
463: 459,519,405,409,467,523
464: 460,520,406,468,524,410
465: 469,525,521,411,407,461
466: 470,526,522,412,408,462
467: 471,523,527,463,409,413
468: 472,524,528,464,410,414
469: 465,525,415,473,529,411
470: 466,526,474,530,416,412
471: 467,527,413,417,475,531
472: 468,528,414,476,532,418
473: 477,529,533,415,419,469
474: 478,530,891,416,420,470
475: 531,535,471,417,421,479
476: 532,536,472,418,422,480
477: 473,533,423,481,537,419
478: 474,891,482,538,424,420
479: 483,539,421,475,535,425
480: 484,540,476,536,422,426
481: 485,537,541,423,427,477
482: 486,538,542,424,428,478
483: 479,539,543,425,429,487
484: 480,905,430,426
485: 481,541,431,545,427
486: 482,542,490,546,432,428
487: 491,547,429,483,543,433
488: 492,548,544,905,434
489: 
490: 546,436,432,486
491: 487,547,551,433,437,495
492: 488,548,434,438,496,552
493: 549,439,497,553,435
928: 574,630,520,634,578
495: 555,491,551,441,437
496: 556,552,492,438,442
497: 553,557,501,439,443,493
922: 924,563,617,559
919: 580,584,632,640,636
917: 879,847,809,813,851
501: 505,561,443,497,557
502: 506,562,392,444,558
503: 449,445,559,924
504: 508,564,560,446
505: 501,561,915,447,451
506: 502,562,566,510,452,392
507: 449,924
508: 504,564
509: 395,915,451
510: 452,506,566
511: 453,455,513,567,569,515
512: 454,456,514,568,570,516
513: 453,511,567,457,517,571
514: 454,512,572,458,518,568
515: 459,519,573,455,511,569
516: 460,520,570,456,512,574
517: 457,461,575,571,521,513
518: 458,462,522,572,576,514
519: 459,463,515,573,577,523
520: 460,464,516,574,928,578,524
521: 465,525,579,461,517,575
522: 466,526,580,576,462,518
523: 467,527,581,463,519,577
524: 468,528,464,520,582,578
525: 465,469,579,583,521,529
526: 466,470,522,530,580,584
527: 467,471,523,581,585,531
528: 468,472,524,582,586,532
529: 473,533,587,469,525,583
530: 474,891,588,584,470,526
531: 475,535,589,471,527,585
532: 476,536,472,528,590,586
533: 473,477,529,587,537
534: 588,644,596,592,538,891
535: 475,531,589,479,539,593
536: 476,532,590,594,480,540
537: 481,541,595,477,533
538: 482,542,596,534,478,891
539: 479,483,543,593,597,535
540: 480,905,536,594,598
541: 481,485,537,595,599,545
542: 482,486,538,546,596,600
543: 483,539,597,487,547,601
544: 598,905,602,488,548
545: 549,603,485,541,599
546: 490,604,600,486,542
547: 487,491,551,601,605,543
548: 488,492,544,602,606,552
549: 607,545,493,553,603
926: 273,277,337,215
551: 491,547,605,495,555,609
552: 496,556,606,492,548,610
553: 497,557,611,607,549,493
554: 558,612,608
555: 495,559,551,613,609
556: 496,552,610,614,560
557: 497,553,501,561,615,611
558: 554,616,502,562,612
559: 555,613,503,922,617
560: 504,564,614,556,618
561: 501,505,615,915,619,557
562: 502,506,566,616,620,558
563: 922,924,617
564: 504,508,560,618
565: 915,619
566: 506,562,510,620
567: 511,513,569,571,621,623
568: 570,622,624,572,512,514
569: 511,567,621,515,573,625
570: 568,622,512,574,626,516
571: 517,575,627,513,567,623
572: 576,628,518,568,624,514
573: 515,519,577,569,625,629
574: 928,630,626,570,516,520
575: 517,571,579,521,631,627
576: 572,628,580,632,522,518
577: 519,573,629,523,581,633
578: 582,634,928,520,524
579: 525,583,521,635,631,575
580: 584,919,632,526,522,576
581: 523,527,585,577,633,637
582: 638,634,578,524,528,586
583: 525,579,529,587,639,635
584: 580,919,588,640,530,526
585: 527,581,637,531,589,641
586: 590,642,582,638,528,532
587: 529,533,639,643,583
588: 534,640,644,530,891,584
589: 531,535,585,641,645,593
590: 642,646,586,532,536,594
591: 647
592: 596,652,648,694,534,644
593: 539,597,535,589,645,649
594: 598,650,590,646,536,540
595: 537,541,599,647,651
596: 600,592,652,538,542,534
597: 539,543,593,649,653,601
598: 594,650,654,544,540,602
599: 541,595,545,655,603,651
600: 596,652,604,656,546,542
601: 547,605,543,597,653,657
602: 606,658,598,654,544,548
603: 655,659,607,545,549,599
604: 660,656,608,546,600
605: 547,551,601,657,661,609
606: 602,658,548,610,662,552
607: 549,553,898,611,659,603
608: 612,664,554,604,660
609: 665,613,551,605,661,555
610: 614,666,662,606,556,552
611: 667,898,615,553,557,607
612: 664,668,608,616,554,558
613: 665,609,559,555,617
614: 610,666,556,618,560
615: 561,619,557,667,611
616: 620,562,612,668,558
617: 922,563,559,613
618: 614,564,560
619: 565,561,615
620: 616,562,566
621: 623,669,671,567,569,625
622: 568,570,624,918,626
623: 621,669,571,627,567
624: 568,622,572,628,918,923
625: 629,675,569,621,671,573
626: 574,630,672,570,622,908
627: 677,631,575,571,623
628: 572,576,632,674,923,624
629: 625,675,679,573,577,633
630: 574,928,626,680,908,634
631: 635,681,579,575,627,677
632: 580,919,682,576,628
633: 637,683,577,629,679,581
634: 582,638,578,680,928,630,684
635: 681,685,631,639,579,583
636: 682,730,690,640,919
637: 633,683,902,581,585,641
638: 582,634,684,688,642,586
639: 643,689,587,583,635,685
640: 588,644,690,636,584,919
641: 645,691,585,637,902,589
642: 590,646,586,638,692,688
643: 639,689,693,647,587
644: 588,534,640,592,690,694
645: 641,691,589,593,649,695
646: 590,642,692,696,594,650
647: 651,927,595,591,643,693
648: 702,742,746,592,652,694
649: 653,695,645,593,597
650: 594,598,654,646,696,700
651: 647,927,701,655,595,599
652: 596,600,592,656,648,702
653: 649,597,601,657,703
654: 598,650,700,704,602,658
655: 659,705,603,599,651,701
656: 604,660,706,702,600,652
657: 661,703,707,653,601,605
658: 602,606,654,704,708,662
659: 655,705,709,603,898,607
660: 604,656,710,664,608,706
661: 657,707,605,665,711,609
662: 610,666,708,606,658,712
663: 667,898,757,713,709
664: 612,668,608,714,710,660
665: 711,613,609,661
666: 610,614,662,712
667: 663,898,611,615
668: 612,664,616,714
669: 621,623,671,715,717
670: 716,918,923,674,718
671: 621,669,715,625,675,719
672: 716,918,720,908,626
925: 829
674: 678,722,718,628,670,923
675: 625,629,679,671,719,723
676: 720,724,908
677: 627,681,631,725,721
678: 674,682
679: 629,675,723,633,683,727
680: 724,908,630,684,728,634
681: 635,685,631,729,725,677
682: 726,730,636,632,678
683: 633,637,902,679,727
684: 732,728,680,638,634,688
685: 635,681,639,689,733,729
921: 109,169,173,227,231
687: 735,902,731,691
688: 692,736,684,732,638,642
689: 639,643,693,733,737,685
690: 694,734,738,640,644,636
691: 641,645,902,687,895,695
692: 736,740,688,642,646,696
693: 643,689,647,927,741,697,737
694: 690,738,648,742,592,644
695: 649,645,691,739,895,743
696: 700,744,692,740,646,650
697: 741,745,927,701,693
920: 395,337,901,391,451
699: 
700: 696,744,748,650,654,704
701: 651,927,655,705,749,745,697
702: 648,746,706,750,656,652
703: 657,707,653,747,751
704: 708,752,700,748,654,658
705: 655,659,709,749,753,701
706: 754,750,710,660,656,702
707: 657,661,703,751,755,711
708: 704,752,756,658,712,662
709: 659,705,663,898,757,753
710: 714,758,664,706,754,660
711: 665,661,707,755
712: 708,756,666,662
713: 757,663
714: 758,710,664,668
715: 717,759,761,669,671,719
716: 670,672,718,760,762,720
717: 715,759,721,763,669
718: 674,722,764,760,670,716
719: 723,765,671,715,761,675
720: 676,724,908,762,672,716,766
721: 767,763,725,677,717
722: 674,718,726,764,768
723: 719,765,769,675,679,727
724: 676,680,720,908,766,770,728
725: 729,771,681,677,721,767
726: 682,730,772,768,722
727: 910,679,723,769,683
728: 684,732,770,680,724,774
729: 771,775,725,733,681,685
730: 682,726,636,734,772,776
731: 910,773,735,687,777
732: 684,728,774,778,736,688
733: 737,779,689,685,729,775
734: 690,738,780,776,730
735: 739,687,731,777,781
736: 692,740,688,732,782,778
737: 733,779,741,689,693
738: 690,694,734,742,780,784
739: 735,781,695,743,785
740: 692,736,782,786,696,744
741: 745,787,697,693,737
742: 648,746,784,694,738
743: 747,789,739,695
744: 696,700,748,740,786,790
745: 741,787,791,697,749,701
746: 648,702,742,750,792
747: 743,789,703,751,793
748: 700,744,790,794,704,752
749: 753,795,705,701,745,791
750: 706,754,796,792,702,746
751: 755,793,747,703,707
752: 704,708,756,748,794
753: 749,795,757,705,709
754: 706,750,758,710,796
755: 751,707,711
756: 708,752,712
757: 713,663,709,753
758: 714,710,754
759: 715,717,761,763,797,799
760: 762,798,800,764,718,716
761: 715,759,797,719,765,801
762: 760,798,716,766,802,720
763: 721,767,803,717,759,799
764: 768,804,722,718,760,800
765: 719,723,769,761,801,805
766: 770,802,806,762,720,724
767: 721,763,771,725,807,803
768: 764,804,772,808,726,722
769: 723,765,805,727,910,916
770: 766,806,724,774,810,728
771: 729,775,725,811,807,767
772: 776,812,808,726,730,768
773: 809,813,916,731,910,777
774: 814,810,770,732,728,778
775: 729,771,733,779,815,811
776: 772,812,780,816,734,730
777: 817,781,731,813,773,735
778: 782,818,774,814,732,736
779: 733,737,815,819,775
780: 784,816,820,734,738,776
781: 817,821,777,735,739,785
782: 818,822,778,736,740,786
783: 
784: 780,820,824,742,738
785: 825,739,821,781,789
786: 790,826,782,822,740,744
787: 741,745,791,823,827
788: 
789: 743,747,825,892,785,793
790: 786,826,830,744,748,794
791: 745,787,749,795,831,827
792: 828,796,832,750,746
793: 751,747,789,892
794: 790,830,748,752
795: 749,753,831,791
796: 832,754,750,792
797: 799,833,835,759,761,801
798: 760,762,800,834,836,802
799: 797,833,763,803,837,759
800: 760,798,838,764,804,834
801: 805,839,761,797,835,765
802: 766,806,836,762,798,840
803: 841,837,807,767,763,799
804: 764,768,808,838,842,800
805: 801,839,843,765,769,916
806: 766,770,802,840,844,810
807: 811,845,771,767,803,841
808: 772,812,846,842,768,804
809: 813,773,916,843,917,847
810: 774,814,844,770,806,848
811: 845,849,807,815,771,775
812: 772,776,808,816,846,850
813: 809,773,917,817,851,777
814: 774,810,848,852,818,778
815: 819,853,779,775,811,849
816: 780,820,854,850,776,812
817: 821,855,851,777,781,813
818: 782,822,778,814,903,852
819: 815,853,857,823,779
820: 780,784,816,824,854,858
821: 817,855,781,825,859,785
822: 782,818,903,860,786,826
823: 827,861,787,819,857
824: 828,862,858,784,820
825: 892,859,785,821,789
826: 786,790,830,822,860
827: 823,861,831,787,791
828: 792,824,832,862
829: 925,892
830: 790,826,794
831: 795,791,827
832: 796,792,828
833: 797,799,835,837,863,865
834: 836,864,866,838,798,800
835: 797,833,863,801,839,867
836: 834,864,798,840,868,802
837: 803,841,869,799,833,865
838: 842,870,804,834,866,800
839: 801,805,843,835,867,871
840: 844,868,872,836,802,806
841: 803,837,845,807,873,869
842: 838,870,846,874,808,804
843: 805,839,871,809,916,847
844: 840,872,806,848,876,810
845: 811,849,807,877,873,841
846: 850,878,874,812,808,842
847: 875,879,917,843,871,809
848: 880,876,844,814,810,852
849: 811,845,815,853,881,877
850: 846,878,854,882,816,812
851: 817,855,813,917
852: 903,848,880,814,818
853: 815,819,857,881,849
854: 858,882,816,820,850
855: 817,821,851,859
856: 903,860
857: 819,853,823,861
858: 854,862,824,820
859: 825,821,855
860: 856,903,822,826
861: 823,827,857
862: 824,828,858
863: 865,883,885,833,835,867
864: 834,836,866,884,886,868
865: 863,883,837,869,904,833
866: 834,864,888,838,870,884
867: 871,835,863,885,839
868: 840,872,886,836,864
869: 904,873,841,837,865
870: 838,842,874,888,866
871: 867,839,843,847
872: 840,844,868,876
873: 877,845,841,869
874: 846,878,842,870
875: 847
876: 848,880,844,872
877: 873,881,845,849
878: 846,850,874,882
879: 917,847
880: 848,876,852
881: 853,849,877
882: 854,850,878
883: 863,865,885,904
884: 886,888,864,866
885: 863,883,867
886: 884,864,868
887: 904
888: 870,884,866
890: 384,322,388,326,266,262
891: 474,478,530,538,588,534
892: 825,789,793,829
893: 268,206,264,332,328
894: 201,141,79,145,205
895: 691,695
896: 315,377,323,319,381
897: 266,212,909,270,208
898: 663,667,611,607,659,709
899: 272,276,214,154
900: 48,110,174,178,52,114
901: 273,337,920,333,391
902: 637,683,641,691,687
903: 856,852,818,822,860
904: 869,887,865,883
905: 484,540,544,488
906: 18,65,69,16
907: 93,155
908: 676,680,720,724,672,630,626
909: 897,334,270,326,330
910: 727,731,769,773,916
911: 142,138,72,76,80
912: 439,443,387,383,379
923: 670,918,674,628,624
924: 922,563,449,503,507
927: 647,651,701,697,693