0: 31,2,34
1: 31
2: 37,33,38,34,0
3: 36,106,102,5,35
1076: 876
5: 39,35,3,7
6: 8,45,41,42
7: 9,5,48
8: 6,45,943,49
9: 7,48,51
983: 340,400,454,1279,402
1293: 1267,1057,1066,441
1040: 611,1172,557,615,497
13: 1088,56,15
1024: 820,1143,1035,854,882,850
15: 126,64,56,13,17
16: 1140,66,906,62
17: 63,64,15,1238,67,1275
1268: 200,204,1180,1096,1029,140
1081: 393,335,1162
20: 906,70,65,1164
916: 1113,773,805,769
994: 782,818,903,860,826,744
23: 25,80,137,935,141,76
989: 881,873,887,904
25: 23,80,137,83
26: 1165,94,30,961
27: 29,87,83,88,984
28: 93,1278,277,1129,151
29: 87,27,88,1123,1103
30: 1142,94,1195,1278,26,961
31: 0,1,33
1260: 1199,671,453,625,569
33: 2,37,31,95
34: 96,38,100,2,0
35: 39,5,97,36,3
36: 102,3,98,35
37: 2,33,41,103
38: 104,100,42,2,34
39: 5,35,97,101,105
946: 1188,978,1008,1301,779
41: 6,45,37,103
42: 6,38,104
1051: 1007,1032,842,1207
1274: 858,1294
45: 6,8,41,49,111
1066: 975,437,441,323,1293
1208: 596,652,592,538,1201
48: 110,900,7,9
49: 943,53,8,45,111
1070: 1286,1261,1226
51: 1088,9,117,55
52: 56,118,900,178
53: 943,49,119
54: 58,943
55: 117,51,1088,181
56: 52,118,13,126,15
1116: 763,725,1276,954,721
58: 62,128,54,184
1104: 1001,1252,886
1013: 271,331,213,275,959,1162
1089: 477,541,1042,595,985,537
62: 58,66,1130,16
63: 17,125,67
64: 126,15,130,17,1073,1238
65: 131,127,1164,20,906,939
66: 1130,132,70,62,16
67: 129,1275,63,17,942
1198: 660,546,490,486,596
1006: 1175,1203,396
70: 20,144,944,66,132
1217: 911,75,935,1282,970
72: 1238,1275,911,75
1261: 1101,1258,1023,661,1070
1266: 194,256,1073,1111,911
75: 911,1217,935,72,141
76: 960,146,970,935,23,80
1002: 980,1223,611,663
1057: 1267,1293,503,1245
1091: 961,1165,81
80: 25,23,960,76,984
81: 1112,85,1091,1149
82: 1028,1029,1112,1248
83: 87,27,25,145,149
84: 1011,154,987,88,984,960
85: 1129,151,147,81,1149
923: 624,670,572,628,1022
87: 29,83,27,153,149,1103
88: 1011,84,984,29,27
1093: 1014,1146,451,509
1148: 719,723,671,949,625,675
91: 275,1235,153,1103,1229
1229: 1123,1103,91,1235,1132
93: 1195,28,1278,1106
94: 1142,30,278,26
95: 998,157,33
96: 34,98,100,160
97: 39,35,998,101
98: 96,162,36,102
1248: 140,144,82,1029,944
100: 38,104,164,160,34,96
101: 105,161,165,998,39,97
102: 36,106,3,98,162,166
103: 163,41,167,37
104: 38,100,42,164,168
105: 101,165,39,109,231
106: 102,3,166,170,110
1165: 26,1091,1028,148
1297: 336,1262,1186,1230
109: 231,105
110: 48,900,106,170,174
111: 171,49,45
112: 1027,176,172
1144: 
1250: 1034,1058,1276,1038
1221: 992,1173,1182,337,1291
1237: 654,598,905,540,1131,602
117: 55,173,51
118: 52,56,190,126
119: 123,183,53
1187: 1232,1019,1269
1257: 851,855,813,817,1094
1137: 846,850,1032,882,1141
123: 187,183,939,1140,119
1022: 672,1145,670,923
125: 181,1296,63,942
126: 64,15,130,56,118,190
127: 131,65,191,187,939
128: 246,192,58,242,184
129: 67,1275,951,942,133,1095
130: 126,64,190,1138,194,1073
131: 65,127,321,191,1164,195
132: 66,1130,144,1244,1256,70
133: 141,1156,129,1095
1069: 996,501,1216,1219,1259,391
1203: 1006,1175
1280: 417,421,475,365,425,479
137: 25,23,141,1156,894
1201: 588,644,592,1208,538,534
139: 383,195,143,948,1164
140: 144,1248,1244,1029,200,1268
141: 133,1156,75,935,23,137
142: 210,206,1282,146,970
143: 1149,964,1112,948,139,383
144: 140,1248,1244,944,132,70
145: 205,83,149
146: 960,76,970,210,142,987
147: 151,211,85,273,1149,265
148: 1028,212,1165,1096
149: 153,213,145,87,83
150: 1253,1230,1186,154,276,214
151: 211,147,28,277,1129,85
1223: 615,980,1002,611
153: 213,149,87,1103,91,275
154: 1011,84,987,1253,150,214
987: 84,154,210,960,146,1253
1121: 832,967
157: 95,998,219,161
1007: 1051,804,834,1207,800
1134: 621,453,513,455,1080,515
160: 164,222,100,96
161: 101,165,998,157,219,223
162: 166,228,220,98,102
163: 103,167,221,225
164: 226,222,168,104,100,160
165: 101,105,161,223,231
166: 162,228,1117,106,102,170
167: 171,229,163,103,225
168: 164,226,172,230,104
1215: 924,1191,1284,1245,449,1127
170: 174,232,166,1117,106,110
171: 167,111,229
172: 230,234,1027,112,168
173: 1050,117,177,235
174: 170,232,110,900,178,236
175: 
176: 184,1027,112
177: 173,239,235,243
178: 182,236,174,900,52
1115: 903,856,860,1264
1113: 916,773,805,843,813
181: 125,185,1296,55,243
182: 178,236,240,308
183: 123,187,245,119,1016
184: 176,128,58,242
185: 181,1296,243,251
1132: 1123,993,1229
187: 123,183,939,127,245
1071: 1147,323,259,255,319,975
1117: 166,228,288,292,170,232
190: 248,1138,118,126,130
191: 131,127,321,1063
192: 128,246,250,1256,1130
193: 951,914,251,315,197,255
194: 256,252,1266,1138,130,1073
195: 139,1249,383,131,321,1164
196: 1256,200,1244
197: 1095,201,951,193,259,255
984: 84,88,960,80,27
957: 1055,1017,1249,321,1196,1063
200: 204,1268,140,1244,196
201: 1095,263,197,1156,259,894
1275: 129,67,17,72,1238
1016: 241,183,245,305
204: 200,1268,266,1180
205: 145,894,263,267
206: 210,142,268,332,893
1098: 721,669,1192,627,677
1095: 201,197,129,951,133,1156
209: 
210: 142,206,268,146,1253,987
211: 151,147,277,273,1291
212: 1108,270,981,148
213: 153,149,271,1013,275
214: 276,150,1011,154
1067: 481,1234,477
1230: 1253,150,268,1297,1186
1255: 1219,1259,1125,1124,337
1175: 1006,1203,566
219: 279,157,161,223,283
220: 280,284,162,228
221: 225,285,281,163
222: 164,226,160
223: 283,287,219,161,165
1044: 1037,1105,334
225: 221,285,167,229,289,163
226: 164,222,168,230,352
1138: 248,190,130,194,252
228: 162,166,1117,220,284,288
229: 293,289,167,171,225
230: 172,234,294,352,226,168
231: 109,105,165,1050
232: 170,174,1117,296,292,236
1177: 1294
234: 172,230,1027,1214,294
235: 239,173,295,177
236: 178,182,296,174,232,240
1112: 81,82,143,948
1157: 618
239: 235,1271,177,243,307
240: 358,308,296,182,236
241: 1016
242: 306,128,246,184
243: 307,177,239,181,185
998: 95,157,97,101,161
245: 309,305,187,183,1016
246: 128,192,250,310,306,242
1167: 475,535,991,479,539,597
248: 190,1138,308,1178
1219: 1259,1255,1065,1069,1216
250: 314,310,246,192
251: 315,185,1296,914,193
252: 194,256,1138,316
943: 53,49,54,8
1292: 1026,969,1272,787,745
255: 1071,259,193,319,315,197
256: 194,252,1266,316,1111
938: 693,595,537
258: 
259: 1147,1071,255,263,201,197
1049: 1158,1220,319,1054,975,437
986: 834,836,1207,1252,886
1281: 729,733,779,1008,954
263: 201,1147,259,205,894
1287: 760,798,1031,802,766
265: 964,1087,147,273,901,329
266: 897,1180,890,204
267: 327,385,205,271
268: 210,206,332,1253,1230
964: 143,1149,265,1087,383
270: 1108,212,334
271: 1013,331,267,327,213
1265: 356,412,416,1018,1015
273: 1124,1291,211,147,265,901
971: 353,295,357
275: 91,153,213,1013,959
276: 214,1186,150
277: 1182,1189,28,151,211,1291
278: 1037,94
279: 341,219,339,281,283
280: 340,220,284
281: 221,285,343,279,339
1008: 1188,946,779,1281,950,954
283: 223,345,287,341,219,279
284: 346,288,280,220,228
285: 221,225,281,343,347,289
1101: 1261,1258,707
287: 223,345,283,349
288: 346,284,1052,228,1117,292
289: 229,293,1197,225,285,347
1264: 860,856,1115
1207: 834,986,1007,1051,1252
292: 354,296,288,1052,1117,232
293: 229,355,289,1197
294: 356,412,230,234,352
295: 1050,971,235
296: 354,292,232,240,358,236
1052: 346,288,406,354,350,292
1152: 859,1300,892,1154
1136: 801,715,719,765
924: 1215,1191,1284,507,922
1014: 1093,915,509,565
1131: 1068,1295,654,1237,602
1227: 664,1114,1060,558
1001: 1104,1252,888,1151
305: 309,245,1016,423
306: 368,310,246,364,242
307: 243,1107,239,1271
308: 240,182,1178,248
309: 245,305,371
310: 368,428,306,314,250,246
970: 146,76,1282,1217,935,142
1254: 659,553,1172,1225,607
1289: 832,1045,967,750
314: 318,432,250,310,428
315: 319,251,1054,193,255
316: 374,378,256,252,1205
980: 1002,1223
318: 314,432,380,322
319: 315,1054,1049,1071,255,975
1168: 
321: 131,191,1249,195,957,1063
322: 384,890,318,380
323: 1147,1071,975,1066,385
1064: 776,808
325: 329,391,996,1055,1017,443
1083: 1114,562,566
327: 267,385,1206,271,331
1011: 84,154,88,214
329: 901,325,391,265,1087,1017
1028: 148,82,1029,1165,1096
331: 271,1013,327,389,1162
332: 893,206,268,336
936: 887,1072
334: 1108,270,1044,1037,1105
335: 959,1162,1081
336: 1297,1262,508,332
337: 1124,1291,1173,1221,1255
1216: 501,1069,1219,505,1065,447
339: 341,279,281,343,399
340: 280,983,400
341: 279,339,345,283,401
1180: 981,1096,266,204,1268
343: 285,281,347,399,339
1142: 94,30,1195
345: 283,287,349,341,405,401
346: 284,402,288,406,1052
347: 285,343,289,1197,351
348: 352
349: 345,287,405,353
350: 354,414,464,406,1052,468
351: 465,411,1197,347,407
352: 348,294,412,230,226
353: 409,971,349,405
354: 414,350,296,292,1052,358
355: 293,1197,415,469,411
356: 294,412,1265,416
357: 417,421,413,971
358: 240,418,354,414,296
1171: 859,851,855,982,1150
1063: 1196,375,957,321,191
1031: 810,802,1287,724,766,966
1272: 791,749,745,1026,1292
1210: 1133,1270,1191
364: 420,368,424,306
365: 373,425,421,1280,1107
1184: 844,1236,852
1172: 611,1225,1040,497,553,1254
368: 310,424,428,306,364
1143: 1043,820,1024,858,1035
370: 1178,1233,374
371: 309,375,431,427
1059: 682,694,636,640,919
373: 365,425,429,1107,1158
374: 378,316,370,434
375: 1196,1063,379,431,371
1027: 1214,176,172,234,112
1186: 1297,1262,150,1230,276
378: 374,316,434,438,1205
379: 435,431,912,439,1196,375
380: 318,432,384,322,1078
1122: 1035,854
1135: 794,1209,830
383: 139,1249,195,143,964,1087
384: 322,890,380
385: 267,327,1147,323,1206
386: 1120,442,1205,893
1178: 370,308,248
1245: 503,1284,1057,1246,1127,1215
389: 393,1127,1246,331
1262: 336,1297,1186
391: 901,325,329,1259,996,1069
1247: 881,1213
393: 449,1127,389,1081
1234: 481,427,485,477,541,1067
395: 451
396: 1004,1105,1006,909
1259: 1219,1255,1124,901,391,1069
1075: 815,1213,849
399: 457,343,339,1080
400: 340,983,458,454
401: 405,459,341,455,345
402: 346,406,1279,983,516
403: 
1282: 1111,1217,142,970
405: 459,401,345,349,353
406: 346,402,1052,464,516,350
407: 457,351,465,521,1288
1072: 887,936,904,1179,883
409: 353,413,467,523
1029: 1028,82,1096,1268,140,1248
411: 351,465,1211,469,355,1197
412: 294,356,1265,352
413: 409,467,357,417,471
414: 354,350,468,472,418,358
415: 423,469,355
416: 420,474,1015,356,1265
417: 357,421,1280,413,475,471
418: 358,422,414,472
1206: 1267,1246,327,385
420: 364,416,424,474,478
421: 357,417,1280,1271,365
422: 418,426,1233
423: 415,305,481
424: 368,1176,478,420,364
425: 365,373,429,1280,479,483
426: 905,540,536,422,1233
427: 481,1234,485,431,371
428: 368,310,314,432,482
429: 373,425,483,1158,487
948: 944,1112,143,139
431: 379,435,375,371,427,485
432: 318,314,380,1078,428
433: 487,547,1220,551,929
434: 492,484,374,378,438
435: 379,431,439,493,549,485
960: 146,76,80,84,987,984
437: 975,1066,441,1049,1220,929
438: 496,434,492,378,442
439: 1285,1109,379,435,493
1253: 150,1230,210,268,154,987
441: 437,1066,495,929,1293
442: 386,1120,496,446,438
443: 912,1285,1273,325,996,1055
1244: 140,144,200,196,1256,132
981: 1180,1004,1108,212,897
446: 496,1120,442,560
447: 990,557,501,1216
914: 951,942,193,1296,251
449: 393,1127,1215,1191,1133
915: 509,505,1014,565,1009
451: 1125,1146,395,1093
1080: 455,457,399,513,1134
453: 621,1134,1260,515
454: 1279,512,458,983,400
455: 1080,1134,459,401,515
1017: 957,1055,1087,325,329,1249
457: 407,399,513,1288,1080
458: 470,522,454,400
459: 405,401,455,519,515
460: 578,464,516
967: 832,1045,1121,1289
1038: 1179,1250,865
1054: 319,315,1158,1049
464: 460,578,516,406,928,468,350
465: 351,411,1211,521,525,407
1043: 820,1143,962,784
467: 527,523,531,413,409,471
468: 464,414,350,472
469: 415,355,411,1211
470: 458,522,1018
471: 475,535,413,467,531,417
472: 532,468,414,418
473: 1211,525,529
474: 534,530,478,420,416,1015
475: 471,535,1167,417,1280,479
959: 335,1162,1013,275
477: 541,1089,1234,1067,537
478: 474,534,1176,538,424,420
479: 483,539,1280,475,1167,425
1271: 239,421,307
481: 427,1234,423,1067
482: 1176,1078,486,428
483: 479,539,425,429,487
484: 905,1233,434,602
485: 427,1234,435,431,549,541
486: 490,1078,1198,482
487: 433,547,429,483
1231: 1228,1019,1269,885,1099,1085
939: 123,187,906,65,127,1140
490: 1078,486,1198,546
1189: 907,1182,277,997,1299
492: 434,602,1068,552,438
493: 549,607,439,553,435
928: 1048,1185,578,464
495: 551,1239,929,441,979
496: 556,552,446,438,442
497: 553,1109,557,1172,1040
922: 1242,1166,617,924
919: 584,1298,640,682,1059,632
917: 847,813,956,851
501: 996,1069,1216,447,1273
502: 974,558,562
503: 1166,979,1284,1245,1057
1037: 278,1044,334
505: 915,509,1065,1009,1216,990
1018: 526,1015,580,1265,470,522
507: 1242,924,1191
508: 336
509: 915,505,1065,1146,1093,1014
1094: 817,777,773,813,731,1257
988: 1030,784,742,962,738,734
512: 454,1279,624,570,574
513: 571,1288,457,1080,621,1134
1060: 1114,714,1224,1227
515: 519,455,1134,453,459
516: 460,574,578,464,1279,402,406
1193: 697,787,745,701,651,1061
1058: 1250,1276
519: 577,515,459,569,523
963: 1012,769,675,723,683
521: 579,525,465,407,575,1288
522: 458,470,580,1018,576
523: 467,527,577,519,409
1055: 957,1017,325,912,443,1196
525: 521,579,529,473,465,1211
526: 1018,1015,530,580,584
527: 467,523,531,577,585
1103: 1123,1229,29,87,153,91
529: 579,525,473,635
530: 474,534,588,584,526,1015
531: 467,527,585,471,535,589
532: 472,536,590,586
1285: 912,443,439,1273,1109
534: 474,530,478,538,588,1201
535: 475,471,1167,531,991,589
536: 532,590,426,540
537: 477,1089,595,938
538: 1176,1208,1201,534,478
539: 479,483,1167,1251,597
540: 426,905,590,536,598,1237
541: 477,1089,1042,549,1234,485
1299: 997,1106,1189
1246: 1267,1206,1245,1127,389
1099: 885,1019,1231
942: 951,914,125,1296,129,67
546: 660,1198,664,490
547: 487,433,605,601,551
962: 824,742,1043,784,988
549: 493,607,435,485,541,1042
1108: 212,270,334,1004,1105,981
551: 495,1239,929,433,547,605
552: 496,556,1068,492
553: 497,1172,493,607,1254
1205: 386,378,316
1030: 784,988,1046,734,636,776
556: 496,552,1218,560
557: 447,615,497,1040
558: 502,974,1114,562,1227
1046: 1030,784,816,776,812
560: 556,446,618,1218
1296: 181,125,185,942,914,251
562: 566,1083,1114,502,558
1004: 396,1105,1108,897,909,981
1224: 714,1060,758
565: 1014,915
566: 562,1175,1083
1202: 714
992: 1173,1221
569: 625,679,1260,577,519
570: 624,973,512,626,574
571: 575,513,1288,1097,1086,621
572: 576,628,624,923
1220: 1158,1049,433,437,929
574: 578,516,570,1279,512,626
575: 571,1288,521,579,1086
576: 572,628,632,580,1298,522
577: 519,679,569,527,523
578: 460,574,464,516,626,928
579: 521,525,529,635,631,575
580: 1298,1018,526,576,522
1123: 993,1103,1229,29,1132
582: 1119,586,634,692,642
1173: 992,1221,1125,337
584: 919,1298,588,640,530,526
585: 683,679,527,531,589
586: 590,582,1048,634,532
1211: 465,411,469,473,525
588: 1201,644,640,534,530,584
589: 641,991,531,585,535
590: 1119,586,532,536,540
1096: 1180,1028,148,1029,1268
592: 652,1208,648,1118,1201,644
1267: 1206,1057,1246,1293
991: 641,589,695,535,1167,597
595: 651,985,1089,537,938,693
596: 652,1208,656,1198
597: 649,1251,1167,991,695,539
598: 654,1237,1119,540
1042: 541,1089,549,607,985
1179: 1038,1072,904,865,883
601: 657,605,1251,547
602: 492,1237,905,484,1068,1131
1107: 307,365,373
990: 447,505,1009,615
605: 657,601,547,551,661
1236: 774,966,844,810,1184
607: 493,549,553,1254,1042
1088: 13,51,55
1141: 1137,1032
610: 
611: 1172,1040,615,1223,1002
978: 946,1301,969,779,741
982: 1150,1171
1185: 626,1243,1159,928
615: 1223,990,557,611,1040
1109: 497,1285,439,1273
617: 1226,1166,922
618: 1218,560,1157
1120: 386,442,446,893
1249: 383,195,1087,957,1017,321
621: 1134,453,571,513,1097,1199
1243: 1185,626,973,1139
623: 1199,671,669,949,1263
624: 570,923,572,512
625: 679,569,675,671,1260,1148
626: 1185,1243,570,574,578
627: 677,1097,1086,1098,669
628: 572,576,632,674,670,923
1009: 915,505,990
1125: 1146,451,1173,1255
631: 635,681,579,677
632: 576,628,682,919,1298,674
979: 1166,503,495,1239,1226
634: 1159,1048,684,642,582,586
635: 681,631,685,579,529
636: 734,694,1030,776,1059
637: 
965: 750,754,656,702
931: 648,702,738,742
640: 588,644,694,1059,584,919
641: 991,589,695,902,691
642: 692,732,684,1212,634,582
1146: 1125,451,1093,509,1065
644: 588,1201,640,592,694,1118
1032: 846,1137,842,1141,1051
1139: 724,766,672,973,1243
1105: 396,1004,1044,1108,334
648: 702,931,738,652,592,1118
649: 1251,597,695,653
1114: 1083,1060,562,1227,558
651: 595,985,1061,697,1193,693
652: 596,592,1208,656,648,702
653: 1090,649,747,703
654: 598,1237,1153,1131
1085: 1283,835,885,1228,1231
656: 660,965,702,596,652
657: 605,601,703,1023,661
658: 1161,952,1153,1295,1155
659: 1254,1225,705,701,1061
660: 656,1198,546,664
661: 1286,657,605,1023,1261
1078: 490,486,432,380,482
663: 757,898,713,1002
664: 1227,660,546
1153: 1161,658,1277,654,1295
1118: 734,694,648,738,592,644
1061: 651,985,659,701,1193
668: 
669: 1098,717,627,623,1263
670: 674,722,628,1022,1145,923
671: 1199,623,1260,949,625,1148
672: 1022,973,766,1139
925: 1154
674: 722,670,682,628,632
675: 625,679,723,1148,683,963
1199: 671,623,1260,1097,621
677: 627,1086,631,1192,1098
949: 715,1263,671,623,719,1148
679: 625,569,675,577,585,683
1050: 295,231,173
681: 635,631,685,729,1192
682: 1059,919,674,632
683: 585,679,675,1012,963
684: 1212,728,1159,634,642
685: 733,635,681
1226: 617,1070,1286,1166,979
687: 902,691,731,777,739
1127: 449,393,389,1246,1245,1215
1225: 1172,898,1254,659,705
1073: 1238,64,130,194,1266,911
691: 902,687,641,695
692: 642,740,732,1119,582,696
693: 938,595,651,697
694: 734,1118,636,644,640,1059
695: 641,991,691,649,597
696: 700,692,740,1119
697: 1193,787,651,693,741
1298: 580,584,919,576,632
1251: 649,597,539,601
700: 696,1277,740,748,744,1190
701: 749,705,659,1061,1193,745
702: 648,931,965,656,652
703: 751,747,1023,653,657
704: 794,1209,1161,952,1190,756
705: 749,701,1225,898,1163,659
1213: 1075,849,881,1247
707: 1101,1258
708: 1155,952,756
1149: 143,964,85,147,81
954: 950,1008,725,1281,1116
1068: 1131,1295,492,602,552
975: 437,1066,319,1049,1071,323
713: 1053,757,663
714: 1224,1202,1060
715: 949,1263,759,719,1136
1269: 1228,1019,1231,879,1232,1187
717: 721,669,763,1263,759
1130: 66,132,1256,192,62
719: 723,1148,765,715,949,1136
1048: 1159,634,928,586
721: 1098,717,725,763,1116
722: 674,670,764,1145
723: 719,1148,765,675,963,769
724: 766,1139,1031,966,728
725: 729,1192,954,721,1116
1222: 1235
1145: 1022,764,722,670,760
728: 684,1212,724,774,966
729: 1192,725,1281,733,681
1276: 950,1250,1058,1116
731: 687,773,1094,777
732: 692,642,740,1212,782,778
733: 779,685,729,1281
734: 694,1118,636,738,1030,988
1065: 509,505,1146,1219,1216
1087: 964,265,329,1249,383,1017
1045: 1289,967,1290,750,754
738: 648,931,742,988,734,1118
739: 1090,687,777
740: 692,732,782,744,696,700
741: 779,697,787,978
742: 824,962,931,738,988
1232: 879,956,1187,1269
744: 748,826,782,994,740,700
745: 1193,787,749,701,1272,1292
1209: 794,1135,704,756
747: 751,703,653,1090,789
748: 830,826,744,700,794,1190
749: 705,701,1163,791,1272,745
750: 965,754,1045,1289
751: 747,703,1023,1258
1019: 1231,1269,1099,1187
753: 968,757,1163,795,791
754: 965,750,758,1045
952: 1161,658,704,756,708,1155
756: 1209,704,952,708
757: 663,1163,713,1053,968,753
758: 1290,1224,754
759: 799,717,1034,763,715,1263
760: 800,798,1287,764,1145
1090: 653,739,789,747
1035: 854,1122,858,1024,1143
763: 1034,1116,721,717,759
764: 804,722,760,800,1145
765: 719,723,1136,769
766: 724,1139,1287,672,1031
1176: 482,538,424,478
993: 1123,1132
769: 963,723,765,916
1147: 1071,323,259,263,385
997: 1299,1189
973: 570,672,1139,1243
773: 1113,916,731,1094
774: 966,1236,1212,728,778
1053: 713,757,968
776: 1064,1030,1046,636
777: 817,1094,687,731,739
778: 782,818,774,1212,732
779: 733,741,978,946,1008,1281
985: 595,651,1061,1089,1042
1252: 1104,1001,1151,986,1207
782: 818,778,994,740,732,744
935: 1217,75,141,76,970,23
784: 1030,988,1046,962,1043
1256: 196,1244,1130,132,192
1074: 827,823
787: 697,1193,745,1292,741
929: 495,551,1220,433,437,441
789: 1090,747,892
1228: 1231,1269,1085,871,1283,879
791: 831,795,1272,753,749
792: 
1301: 978,946,972,969
794: 1209,1135,704,830,748,1190
795: 831,791,968,753
1086: 627,677,1097,575,571
1294: 1177,828,862,1274
798: 760,800,1287,834,836,802
799: 759,1034,833
800: 760,798,1007,764,804,834
801: 805,1136,1084,1183
802: 1031,810,836,798,1287,806
1214: 1027,234
804: 764,808,1007,800
805: 801,1084,1113,916,843
806: 1174,844,836,810,802
1238: 72,1073,64,17,1275
808: 804,842,1064,812
1151: 888,1001,1252
810: 1031,802,806,844,966,1236
1026: 1240,969,1292,831,1272,827
812: 1046,846,816,842,808
813: 917,1113,1094,1257
1140: 16,906,123,939
815: 1075,1188,849,845
816: 846,850,820,1046,812
817: 1094,777,855,1257,821
818: 782,778,994,903,852
819: 1188
820: 1043,1024,1143,850,816
821: 817,1300
968: 753,1053,757,795
823: 1241,827,1074,1240
824: 742,962,828,862
1023: 751,703,657,661,1261,1258
826: 830,748,744,994,860
827: 1074,831,1026,1240,823
828: 1294,832,862,824
829: 892,1154
830: 748,826,794,1135
831: 795,791,827,1026
832: 1121,1289,967,828
833: 835,865,799,1183
834: 986,836,1207,1007,800,798
835: 865,833,885,1085,1183
836: 834,986,798,806,802
1097: 627,1086,571,621,1199
838: 
1124: 273,337,1259,1255,901
961: 1129,1091,30,1278,26
1084: 871,1183,1283,801,805,843
842: 846,1032,812,1051,808
843: 847,805,871,1084,1113
844: 1174,806,810,1184,1236
845: 849,873,815
846: 850,1137,816,1032,842,812
847: 843,917,871,879,956
996: 501,1069,325,391,443,1273
849: 845,1075,815,1213,881
850: 846,1137,816,882,820,1024
851: 855,1257,917,1171
852: 903,1184,818
1129: 961,85,28,1278,151
854: 1035,882,1122,1024
855: 851,1257,817,859,1300,1171
856: 1115,1264
1300: 859,1152,855,821
858: 862,1274,1035,1143
859: 1300,1152,1171,855,1150
860: 1264,1115,903,994,826
1295: 1068,1131,658,1153
862: 858,1294,828,824
944: 948,144,1248,70
1174: 806,844,872
865: 835,833,1038,1179,883
1106: 93,1299
1111: 1282,256,1266
1128: 1195
1015: 1018,526,474,530,416,1265
870: 
871: 1084,1283,1228,847,843,879
872: 1174
873: 845,989,904
874: 
972: 1301,1240
876: 1076
1263: 715,949,669,717,623,759
1119: 590,582,692,696,598
879: 956,1232,871,1228,1269,847
1277: 700,1161,1153,1190
881: 989,1247,1213,849
882: 854,1024,850,1137
883: 885,1179,1072,865
1034: 1250,763,759,799
885: 883,1099,835,1085,1231
886: 1104,986
887: 936,1072,904,989
888: 1151,1001
890: 384,322,266
1197: 355,293,289,351,411,347
892: 829,789,1152,1154
893: 332,386,1120,206
894: 205,1156,263,201,137
1012: 963,683,902
1212: 684,728,774,778,642,732
897: 909,266,1004,981
898: 663,1163,1225,705
1218: 618,556,560
900: 110,48,174,178,52
901: 329,391,273,1124,1259,265
902: 687,691,1012,641
903: 1115,852,818,994,860
904: 887,1072,873,989,1179
905: 426,484,540,1237,1233,602
906: 20,65,1140,16,939
907: 1189
1258: 1261,1101,751,1023,707
909: 897,396,1004
956: 879,1232,847,917
911: 1217,75,1266,72,1073
912: 1285,443,1055,1196,379
950: 1276,954,1188,1008
951: 942,914,193,129,1095,197
974: 502,558
966: 774,1236,1031,810,724,728
969: 1026,1240,1292,978,1301
1133: 1210,1270,449,1191,1181
1150: 982,859,1171
1154: 925,1152,829,892
1155: 708,952,658
1156: 133,141,1095,201,137,894
1158: 1049,1220,373,429,1054
1159: 1048,634,1185,684
1270: 1133,1210,1181
1161: 952,658,1153,1190,1277,704
1162: 335,959,1013,331,1081
1163: 757,898,753,749,705
1164: 131,65,139,195,20
1166: 979,503,1284,617,1226,922
1181: 1133,1270
1182: 277,1189,1221,1291
1183: 1084,1283,835,833,801
1188: 946,819,1008,815,950
1190: 1161,748,700,1277,794,704
1191: 1215,924,449,507,1133,1210
1192: 729,725,681,677,1098
1273: 1285,443,996,501,1109
1195: 93,1128,1278,1142,30
1196: 1063,375,957,1055,912,379
1233: 370,422,426,905,484
1235: 91,1229,1222
1239: 495,551,1286,979
1240: 1026,969,827,823,972
1241: 823
1242: 507,922
1278: 93,1195,28,30,1129,961
1279: 454,512,983,574,516,402
1283: 1085,871,1084,1183,1228
1284: 1166,503,1245,1215,924
1286: 661,1070,1239,1226
1288: 575,571,513,521,457,407
1290: 758,1045
1291: 273,337,1182,277,1221,211